87 11 3 11 49 7 19 12 12 24 108 15
36 10 13 4 397 76 24 6 54 6 389 85
65 3 28 21 276 89 26 7 50 9 285 25
35 5 36 21 57 3 41 13 42 7 282 13
25 3 6 8 280 66 40 7 6 14 283 76
17 7 50 14 67 2 15 4 20 4 358 96
81 8 14 7 317 70 37 2 30 22 40 4
15 4 22 8 62 4 55 1 39 1 76 7
73 1 13 5 31 1 26 4 9 6 52 4
33 3 11 20 43 6 25 1 15 4 316 38
19 1 20 5 314 80 33 5 21 4 229 34
43 10 26 19 248 16 27 3 7 5 172 26
27 1 63 15 139 31 17 12 36 16 195 12
25 17 18 12 256 40 68 15 17 20 77 6
15 1 26 1 243 72 23 20 11 15 88 23
17 2 39 3 269 32 27 1 6 4 309 93
32 13 14 7 364 93 51 11 10 10 305 32
16 3 16 2 172 53 31 2 32 11 21 4
54 6 31 21 182 50 66 16 21 15 140 24
31 10 43 22 396 3 42 12 52 21 53 1
16 12 22 7 410 115 40 1 51 0 200 52
26 1 6 2 115 26 76 3 10 4 286 83
80 5 16 14 113 10 49 1 10 17 171 42
54 4 14 8 260 31 25 10 32 18 105 33
45 13 13 9 173 12 21 12 45 9 400 18
29 22 28 9 64 13 25 6 10 11 121 29
26 6 6 14 148 20 52 11 26 4 58 18
20 1 28 2 149 4 53 26 36 7 56 8
20 1 14 2 216 10 51 8 20 20 341 32
72 10 14 6 114 4 37 5 4 20 144 32
20 3 31 15 296 72 64 4 3 5 384 20
30 4 52 13 396 37 44 14 13 11 275 50
25 3 43 18 330 69 44 15 2 9 379 9
21 1 11 9 193 55 34 3 31 4 228 15
84 22 3 15 265 85 15 7 58 7 390 41
39 6 4 5 417 38 26 1 38 7 140 7
24 5 13 16 379 13 24 5 75 4 166 40
30 3 39 17 347 41 54 7 32 8 355 12
35 4 50 15 87 21 55 1 9 4 82 10
29 17 57 8 43 10 45 14 54 21 413 111
40 13 17 17 44 12 19 5 66 14 228 42
39 2 8 12 200 61 21 1 52 1 45 13
