29 41 74 91
46 80 100 89
48 41 83 49
80 55 87 65
61 45 69 29
28 43 68 24
61 40 86 86
67 71 64 69
73 31 33 61
65 94 98 63
52 76 65 71
70 94 22 33
48 58 52 70
80 80 89 86
66 72 83 49
40 44 24 51
33 39 48 49
49 63 75 44
79 83 29 35
64 85 68 78
69 54 60 69
79 37 52 79
56 84 80 80
43 29 35 42
64 71 86 79
76 87 67 90
30 72 50 43
48 58 64 37
99 48 100 72
63 87 85 35
21 83 16 76
25 45 40 63
61 36 45 46
38 94 49 95
96 56 66 56
89 75 74 74
25 19 26 49
58 39 60 49
70 84 53 52
22 90 59 81
49 39 75 96
55 59 63 70
