16 3 37 19 255 13 41 3 18 21 314 103
41 2 57 4 111 17 38 8 12 10 250 11
17 3 48 2 79 25 29 1 4 10 354 94
36 1 22 4 14 3 26 7 21 18 156 26
83 7 4 13 172 3 93 8 4 13 137 30
82 12 8 24 124 31 40 20 9 6 87 13
29 17 2 10 64 6 57 1 24 20 276 52
21 2 67 7 153 8 21 3 16 10 204 2
32 3 5 10 164 48 50 1 22 1 26 4
58 1 31 2 225 19 73 14 4 21 323 86
45 1 8 1 40 2 33 4 14 23 90 27
15 8 34 21 265 45 18 1 13 5 60 15
33 3 23 13 199 64 38 1 16 1 114 12
42 10 31 14 142 2 41 3 6 6 164 7
56 2 14 9 82 15 48 5 34 14 191 25
48 14 37 20 326 92 27 13 7 15 195 64
29 7 10 5 202 55 52 12 3 24 178 30
59 6 3 6 26 7 58 1 8 0 292 61
42 7 55 7 324 19 31 11 9 21 84 5
42 9 37 15 165 14 16 2 34 5 374 61
25 2 11 12 209 11 39 5 5 8 81 1
41 2 18 20 61 15 41 1 38 6 306 16
18 1 20 26 307 67 48 12 33 5 336 108
66 19 20 16 123 4 73 16 22 17 239 32
45 2 4 5 146 45 26 9 48 6 372 103
34 7 36 10 296 97 51 13 33 10 19 3
29 7 13 21 224 23 31 1 35 2 39 1
41 2 3 4 85 18 28 10 4 6 274 45
37 10 3 13 18 4 90 4 2 21 355 83
28 11 7 11 113 13 20 5 59 16 128 39
17 12 48 16 223 73 60 7 26 9 143 26
46 19 2 11 229 40 28 19 47 14 167 12
15 11 73 23 286 91 25 17 5 19 194 10
15 1 16 4 43 4 25 9 17 20 20 3
22 5 18 7 233 76 61 2 8 10 27 6
16 1 29 26 287 48 25 3 69 6 33 9
22 15 43 16 160 21 61 7 28 18 140 21
71 3 20 9 223 49 32 5 42 8 285 16
