32 14 4 15 118 28 15 19 23 17 402 78
55 12 7 19 71 13 35 4 9 15 156 12
32 9 12 9 84 3 28 3 3 26 54 3
36 7 15 5 125 17 50 7 6 5 191 18
31 2 56 5 356 18 41 15 44 8 112 7
15 7 54 14 346 84 52 9 18 9 150 19
72 14 23 5 247 43 71 14 27 5 25 3
21 1 39 22 117 7 28 3 14 6 276 3
82 9 13 21 395 67 42 1 28 10 145 23
49 7 2 12 402 37 33 7 22 19 321 12
32 1 6 17 312 75 24 14 11 12 129 33
84 6 3 6 396 127 31 8 41 17 259 78
40 12 29 23 273 38 29 23 21 6 321 21
26 3 22 15 157 48 35 1 11 0 192 21
24 15 29 11 15 4 66 2 14 17 419 30
21 10 68 9 330 36 21 18 17 17 222 28
26 3 7 4 55 10 66 9 14 15 213 48
56 15 26 5 46 9 46 2 8 3 301 47
46 1 4 14 383 2 34 1 19 15 72 21
47 1 40 1 14 3 15 5 21 8 48 13
74 3 23 10 351 93 53 2 15 16 27 6
49 17 34 16 214 41 68 3 18 25 10 1
51 2 12 2 397 58 45 10 41 8 342 88
29 8 16 12 54 4 47 1 11 0 146 46
20 1 31 2 124 8 28 12 13 21 122 12
57 7 32 10 381 109 71 1 11 3 86 11
35 21 2 13 330 52 40 8 33 25 21 1
46 4 44 18 96 24 17 1 47 12 283 76
15 3 83 17 40 5 26 2 68 4 383 12
74 6 22 11 306 20 33 10 6 4 412 72
53 6 4 11 394 28 17 14 15 14 160 46
19 1 38 0 109 29 54 1 2 13 289 22
19 6 20 6 249 9 64 4 28 17 230 47
31 10 4 11 275 46 51 22 47 9 344 15
39 1 2 2 30 8 15 15 57 8 115 33
50 13 40 13 344 101 36 5 3 16 31 1
25 13 29 5 23 4 52 12 29 7 385 71
25 7 19 26 58 8 22 5 20 21 217 29
29 17 21 5 347 1 29 4 17 25 48 14
39 3 6 7 150 3 18 3 30 15 77 23
22 1 32 0 377 103 26 5 6 12 27 1
74 14 22 7 343 74 38 7 28 8 357 94
