33 2 36 3 226 29 17 19 13 14 183 60
21 1 52 2 310 85 15 8 25 16 326 29
44 9 35 10 202 14 26 2 5 19 113 3
22 1 8 0 170 52 27 1 5 1 98 27
59 6 27 3 357 41 37 3 7 9 317 9
50 18 6 14 22 2 36 7 15 24 198 16
28 15 48 21 214 21 23 21 9 13 391 95
37 3 14 25 355 22 37 3 3 23 398 123
73 5 8 14 135 35 72 10 7 8 180 21
27 10 37 6 285 47 55 3 6 2 89 14
24 15 39 21 375 13 15 9 16 12 113 10
86 10 11 6 315 39 17 1 45 3 176 52
49 12 2 10 167 43 30 5 16 8 328 20
16 11 66 11 106 10 34 12 3 17 291 84
17 1 19 25 395 128 23 10 21 25 369 47
31 2 18 6 127 26 59 1 11 1 252 73
25 17 41 16 182 4 38 24 32 12 392 41
24 4 11 14 91 7 59 1 13 20 274 69
47 3 36 10 411 21 42 3 7 9 22 2
35 1 29 1 346 88 62 1 27 16 159 42
23 10 7 6 347 45 51 1 12 1 393 63
58 4 12 5 263 18 56 5 13 7 250 7
19 1 17 0 42 5 59 12 25 5 71 20
18 2 14 3 282 65 73 23 21 6 224 54
52 15 27 11 163 29 16 8 32 7 308 64
17 2 27 3 234 4 81 2 7 6 66 1
26 12 65 17 209 21 30 6 6 6 361 4
43 4 4 3 182 22 61 2 30 11 189 22
34 14 40 14 414 34 15 5 70 20 137 1
28 8 11 23 164 12 34 1 57 22 66 17
50 2 18 5 136 26 22 5 56 6 213 60
62 3 8 2 133 16 32 16 22 12 44 7
26 11 7 11 315 79 27 6 52 26 49 12
28 2 12 22 243 18 29 3 2 4 105 21
65 6 23 5 178 24 29 7 39 3 372 108
39 17 52 5 239 29 33 5 23 24 106 28
33 4 26 10 366 9 74 4 24 20 392 81
30 5 4 12 57 14 60 7 10 12 185 1
49 13 36 7 243 29 39 19 17 6 75 9
33 4 57 6 393 106 19 9 63 4 299 57
17 9 30 9 339 16 27 18 11 10 12 3
23 1 11 2 125 26 35 6 27 3 104 13
