37 5 20 8 62 7 38 10 38 6 122 5
80 16 4 19 349 17 75 3 10 14 362 119
18 15 24 14 203 64 22 2 22 4 237 62
28 20 21 16 51 3 29 3 11 13 171 52
15 9 24 10 367 51 52 1 9 2 145 10
36 5 15 17 101 8 19 5 34 20 223 56
17 2 31 3 284 63 15 1 35 3 115 8
56 10 31 22 257 21 19 1 46 14 241 7
84 6 4 18 202 42 41 1 3 10 140 31
51 6 34 3 304 46 44 1 20 1 110 21
36 18 7 20 79 7 24 15 71 14 108 2
29 4 33 5 350 41 42 12 11 5 105 7
21 1 10 1 15 2 31 8 22 16 204 56
31 6 33 24 257 75 16 7 23 9 48 13
18 6 61 3 116 1 16 6 24 21 186 60
94 7 3 8 27 6 53 1 35 3 175 2
17 19 32 8 307 34 26 6 55 8 360 97
16 4 62 15 174 6 19 20 74 9 242 1
30 3 34 4 308 67 16 1 76 3 371 81
63 1 6 2 230 34 15 23 19 9 86 22
53 2 6 3 277 69 62 21 29 11 129 30
27 5 26 9 370 5 23 2 25 2 302 18
48 6 43 20 117 8 24 8 44 8 15 1
42 2 12 11 206 22 17 2 24 3 303 21
63 23 4 9 196 18 24 1 17 8 106 29
40 11 10 6 342 42 24 1 42 2 282 30
24 6 7 25 222 10 18 10 24 12 283 36
32 3 2 4 332 84 68 4 20 19 271 79
30 5 6 14 53 6 48 12 4 13 249 60
44 4 44 13 30 2 65 4 11 6 341 81
31 2 13 3 197 1 22 15 45 17 80 25
51 7 8 8 308 8 17 1 73 8 115 2
42 5 19 6 242 74 24 3 53 26 283 4
36 1 37 26 257 31 41 1 45 3 86 2
54 13 2 15 221 61 18 11 15 23 108 29
27 10 51 24 331 9 36 6 11 6 72 17
43 2 5 19 114 9 51 1 43 5 268 44
21 16 23 12 130 19 23 4 41 9 208 62
