24 1 30 1 39 7 32 13 20 7 109 31
77 5 20 19 313 50 40 17 45 10 216 13
38 1 11 2 357 47 46 12 15 9 231 2
16 7 34 22 91 25 24 1 33 3 242 78
24 3 39 5 345 30 18 14 41 19 245 34
48 5 6 4 298 39 63 4 13 19 200 22
38 5 11 12 244 71 34 7 54 3 269 47
19 2 37 2 303 5 16 11 82 12 307 58
20 10 21 13 31 7 20 1 16 2 253 83
21 5 77 9 19 1 43 5 4 15 226 22
18 5 12 10 249 15 84 10 14 24 291 82
24 16 15 8 282 68 23 1 34 0 109 12
29 4 20 8 369 71 15 4 43 3 356 107
25 13 37 7 52 12 67 2 10 22 369 44
16 15 23 16 219 1 18 22 79 6 113 20
25 15 21 8 252 42 34 2 37 11 28 2
86 7 6 18 193 14 24 9 55 10 204 34
18 3 81 2 192 30 47 2 25 9 141 16
19 9 47 6 63 12 31 3 63 15 238 4
35 10 23 24 41 12 24 2 25 8 89 15
25 13 11 20 58 16 42 14 6 5 93 7
22 3 45 7 186 49 40 1 3 0 58 7
89 4 6 26 126 25 56 2 37 19 250 56
48 5 34 13 113 7 28 1 31 1 264 53
39 3 3 14 75 21 45 11 47 6 205 43
60 5 7 12 389 71 42 2 47 2 153 17
54 3 3 6 231 37 51 1 18 2 200 4
26 7 44 7 269 41 27 13 12 12 29 1
24 15 30 11 277 16 28 2 25 14 275 20
43 3 16 4 137 36 18 1 78 1 366 83
28 1 42 3 136 23 42 5 23 16 121 15
54 4 13 9 317 48 57 12 3 16 278 12
25 15 59 11 266 54 45 14 21 16 43 2
25 4 16 10 99 6 17 2 77 17 302 83
23 9 19 18 274 26 26 5 57 12 279 92
71 2 14 2 179 52 63 2 20 3 356 21
24 1 10 17 225 26 15 4 61 14 53 4
58 4 30 21 336 32 46 11 42 16 374 90
40 6 53 14 363 84 24 3 29 9 295 19
