25 4 51 13 204 67 37 1 14 3 96 19
46 3 18 2 79 12 25 11 10 24 217 30
47 12 3 19 172 9 30 2 6 6 201 19
48 3 5 2 264 40 20 6 66 16 37 2
47 17 7 5 159 50 32 1 19 4 181 37
23 10 20 11 201 31 42 7 39 8 290 69
44 17 25 19 321 40 29 3 29 2 301 89
60 10 27 6 151 22 49 10 25 13 59 10
37 5 41 7 133 26 48 1 7 20 44 4
24 2 33 13 318 88 25 13 63 15 43 8
19 3 34 10 301 25 32 16 22 5 36 1
22 1 60 0 112 2 21 1 9 2 239 70
34 1 32 2 44 9 27 8 69 6 130 32
29 14 15 16 362 105 49 7 14 3 272 16
38 5 28 13 100 20 27 4 40 4 98 10
25 1 10 1 344 83 68 2 16 9 277 48
42 3 4 24 326 22 30 3 25 20 143 9
53 13 2 23 334 109 58 1 30 2 177 3
15 2 52 4 295 92 32 19 12 8 193 63
64 1 10 10 190 45 29 9 12 4 75 7
42 7 38 3 264 4 49 3 22 6 224 37
35 7 26 14 13 3 20 8 46 16 144 12
79 5 19 8 207 43 41 11 12 11 221 20
35 5 11 6 185 31 43 6 10 8 11 1
43 4 47 3 194 57 27 3 19 5 203 24
27 10 30 13 352 47 15 12 34 14 361 116
45 2 30 15 352 41 69 4 4 3 133 17
37 1 2 4 271 62 25 2 15 7 259 31
25 6 17 24 293 46 46 1 48 1 54 12
25 2 11 12 214 39 26 1 8 4 237 24
60 20 36 11 242 48 77 4 20 9 85 13
19 15 28 16 221 3 26 6 55 16 368 120
43 8 8 24 135 27 34 1 11 5 249 73
45 9 38 13 26 3 42 21 29 13 378 90
29 2 34 12 114 26 55 1 28 14 194 56
51 11 13 11 23 6 41 6 15 12 178 42
92 1 3 8 30 8 19 6 45 21 340 30
30 13 18 15 286 84 32 6 54 3 140 20
24 3 9 14 85 24 31 3 48 2 361 46
