19 10 39 9 243 54 19 2 14 2 79 6
60 1 2 19 19 4 24 7 42 8 288 22
58 13 27 23 278 17 54 5 28 7 80 20
28 2 47 6 246 69 25 4 20 3 283 75
15 8 46 10 327 102 73 10 26 20 146 14
45 10 43 6 193 30 15 1 48 7 56 2
18 13 26 12 63 19 66 8 26 17 48 2
69 8 12 16 333 54 57 3 13 6 266 14
43 10 50 4 210 14 20 6 11 10 43 9
50 4 31 20 16 4 53 1 18 18 260 67
20 12 13 10 267 59 41 16 11 15 17 1
32 1 62 7 186 57 21 3 34 24 37 2
25 1 21 1 114 8 39 13 52 20 262 2
66 5 31 4 279 18 30 4 32 3 29 6
25 8 35 6 286 69 61 7 13 20 157 28
54 10 9 12 200 33 26 1 41 0 371 76
18 3 51 6 381 78 38 2 26 2 295 4
23 12 24 24 57 5 16 2 83 12 71 11
24 12 12 10 105 10 40 6 12 8 165 47
36 5 35 25 246 55 35 8 38 4 117 14
26 3 15 26 226 10 60 1 15 1 59 13
81 19 3 16 96 29 15 1 35 9 109 5
54 1 30 4 187 52 20 5 10 14 121 36
30 20 18 9 306 26 84 8 3 8 345 21
33 3 51 8 371 8 16 10 24 16 172 38
23 1 35 1 292 4 27 9 16 6 128 1
34 1 65 6 183 30 44 2 53 5 383 43
39 19 23 12 38 7 21 4 11 17 236 54
41 14 18 12 49 7 71 13 4 16 366 69
23 5 26 13 199 29 30 9 20 7 210 37
64 6 13 24 65 7 30 5 21 3 291 89
23 1 50 5 201 66 40 10 35 22 386 115
38 1 11 13 301 65 28 17 10 8 314 74
25 2 36 4 331 8 49 16 13 21 177 52
71 7 12 14 30 4 53 2 38 3 21 6
30 9 61 9 247 59 46 6 51 9 192 45
36 13 22 12 210 18 52 3 12 2 220 3
30 3 37 11 180 15 60 5 35 4 342 13
27 7 14 15 380 88 51 6 22 15 314 39
23 5 18 24 252 4 50 5 15 25 266 76
