89 82 84 66
61 74 77 15
73 99 83 78
20 20 59 81
74 100 76 62
62 74 81 75
96 69 90 76
75 60 65 98
63 39 75 28
53 48 57 30
69 49 37 65
82 82 67 81
92 71 100 60
46 44 44 43
65 65 65 67
55 25 31 42
90 40 59 90
86 79 37 18
75 90 94 44
70 29 19 40
63 81 73 79
43 33 72 57
93 98 59 43
90 71 74 99
67 52 55 50
40 25 74 53
25 39 71 18
47 84 82 23
70 75 33 76
22 91 71 88
67 51 50 57
96 71 76 86
17 69 96 24
34 93 45 31
47 49 45 59
98 85 93 83
35 17 33 70
43 23 68 35
46 58 71 62
61 64 61 54
64 62 95 84
80 82 49 67
