31 1 39 1 132 42 50 4 4 9 10 1
78 9 5 9 398 84 34 2 26 13 146 8
65 5 18 26 161 16 89 7 2 9 273 42
76 19 16 19 298 28 22 14 39 21 354 5
62 14 31 5 74 5 64 6 6 5 113 17
32 6 2 24 382 81 20 3 18 24 284 59
20 3 10 7 42 13 41 17 49 8 206 25
16 1 48 0 111 30 17 1 24 5 310 11
21 7 59 14 387 114 27 6 12 9 11 1
53 4 8 22 203 36 36 1 53 0 245 19
19 21 40 13 303 73 89 6 4 6 231 40
24 4 12 18 369 78 31 3 63 21 203 5
43 16 13 5 132 41 82 21 12 11 39 4
20 9 10 7 159 50 28 1 12 2 141 26
44 11 53 22 158 13 59 2 20 12 286 46
69 1 25 7 401 33 55 5 34 14 116 18
82 2 12 11 394 61 37 19 2 17 207 57
51 8 44 23 217 65 26 1 35 2 22 3
25 3 7 9 170 50 71 15 3 13 220 9
31 15 14 20 238 61 41 1 18 2 302 88
16 3 47 16 297 95 37 1 36 1 355 117
77 9 5 12 243 65 59 5 3 3 209 61
56 1 20 1 101 21 16 1 25 0 253 44
18 12 16 16 82 3 88 9 4 24 188 14
22 12 32 18 247 60 35 3 6 11 166 6
15 5 32 18 392 80 17 9 72 10 358 14
17 17 60 19 327 106 70 5 2 15 375 28
57 2 18 4 324 92 33 8 41 18 375 12
50 16 37 21 347 21 57 17 28 5 163 50
25 15 39 13 155 17 43 8 4 11 342 67
25 1 36 9 302 49 30 9 5 22 142 16
45 5 39 6 362 37 55 7 14 18 334 52
80 5 8 25 164 29 40 2 2 3 318 79
19 16 55 15 341 91 56 1 7 1 13 2
58 3 8 4 82 14 25 3 68 7 115 7
71 1 13 23 12 3 15 3 48 10 321 96
72 13 27 17 38 5 15 3 16 9 132 28
27 1 3 4 159 19 77 1 20 1 406 64
23 12 30 14 73 17 34 3 5 25 399 102
21 5 66 25 36 3 25 6 43 8 212 39
50 20 37 9 16 1 48 14 19 19 328 62
