27 6 41 11 151 16 21 10 18 20 241 30
51 7 34 12 256 24 21 2 39 26 271 12
67 3 8 5 224 50 47 2 5 16 248 36
49 3 35 2 125 14 49 1 4 4 302 62
40 14 7 5 244 29 23 25 8 7 215 68
77 11 12 19 298 15 32 5 23 4 368 70
60 19 4 17 317 70 35 8 12 18 143 44
34 6 57 13 210 68 52 4 2 6 159 52
24 2 29 3 162 3 65 4 24 5 182 3
20 5 38 16 275 22 21 4 51 8 299 48
47 5 28 6 261 76 23 2 44 5 52 14
26 8 32 7 386 10 46 2 10 20 332 51
32 6 61 16 365 36 17 5 16 9 178 8
19 1 26 3 90 2 23 4 31 3 395 17
29 3 31 16 115 19 96 10 2 4 229 61
20 22 14 11 74 10 39 11 2 11 157 7
88 4 5 24 280 79 37 5 19 8 98 3
47 8 11 17 143 11 40 5 10 3 376 60
23 2 9 2 137 14 63 1 10 0 55 3
39 3 21 13 363 12 33 10 13 6 95 21
20 1 25 2 240 30 45 10 18 17 75 21
37 17 60 13 344 13 26 12 8 5 35 10
50 6 37 8 11 1 15 1 15 1 207 65
29 8 6 7 310 18 21 2 10 3 280 80
55 1 44 3 56 3 28 16 28 10 95 8
52 5 16 4 142 2 26 2 4 2 85 7
67 1 7 0 267 55 31 1 18 26 217 17
57 8 5 4 355 83 17 1 19 19 321 3
20 10 57 18 267 88 34 3 49 4 194 29
22 1 72 1 69 20 64 5 18 15 309 59
56 22 11 13 283 70 19 5 16 13 71 14
24 8 44 19 371 6 19 3 55 2 348 80
51 1 3 26 282 20 19 4 15 8 392 106
66 7 31 19 14 1 39 13 19 10 231 50
51 1 8 17 32 7 18 1 75 1 94 12
22 14 59 15 64 20 83 4 6 10 160 40
33 3 5 17 185 41 15 12 32 10 25 3
43 3 19 7 292 61 29 2 69 2 222 73
74 3 3 6 284 59 20 2 71 2 306 25
25 3 13 9 99 30 42 1 13 1 194 58
