19 9 31 18 312 21 22 7 77 25 394 31
50 6 46 21 63 15 56 9 15 18 51 3
38 1 37 2 297 17 67 4 30 26 343 111
31 12 36 7 207 41 16 1 14 0 129 10
31 8 66 21 123 22 60 16 10 8 18 1
67 1 15 9 74 9 34 1 24 1 36 2
60 1 12 23 22 2 46 2 13 4 217 30
42 16 48 13 89 21 46 10 53 8 223 62
46 6 15 15 207 64 38 2 36 13 151 16
34 16 3 16 98 5 46 4 26 10 254 71
28 3 15 5 364 94 33 11 18 8 377 71
41 1 51 2 163 16 29 1 3 2 396 57
51 10 28 4 283 87 23 1 26 6 269 32
52 3 7 4 52 4 48 9 45 22 66 19
71 1 13 1 397 27 84 4 12 24 28 3
34 21 28 13 36 2 17 3 71 9 190 44
22 5 30 22 13 1 20 3 63 11 203 12
60 2 10 11 332 20 61 10 38 9 208 30
15 6 45 6 54 8 83 2 14 9 190 1
19 1 36 3 153 50 26 1 9 1 206 53
26 1 29 5 189 34 60 4 20 6 151 45
43 12 54 10 64 20 31 1 18 14 208 2
53 20 7 15 129 32 20 4 11 4 229 43
35 15 20 22 34 4 27 11 8 22 41 7
19 1 37 22 310 59 15 5 32 4 362 69
76 11 6 22 168 11 34 10 52 16 39 10
54 17 19 13 112 3 17 11 19 8 151 22
20 17 12 20 298 19 27 2 53 7 233 8
30 13 16 9 162 8 46 14 3 15 78 19
23 3 9 2 60 4 20 4 15 3 199 49
30 8 53 16 372 84 16 6 68 6 216 2
64 1 32 9 108 31 34 11 3 12 234 22
20 22 35 6 386 54 40 11 4 21 36 7
52 2 13 6 33 4 37 16 16 8 347 111
62 2 18 5 282 59 52 4 7 19 240 23
49 12 48 10 203 65 31 3 33 15 104 14
22 16 25 16 96 26 32 1 53 0 161 26
31 5 44 3 241 5 36 10 9 4 265 17
29 21 14 11 89 9 17 2 35 18 307 39
54 18 37 17 147 9 23 3 25 4 193 52
