28 3 18 11 143 4 19 12 69 12 109 19
41 2 38 2 289 67 39 12 28 24 383 88
65 5 9 4 43 12 38 4 54 3 235 63
34 8 7 8 360 110 47 11 37 14 185 23
42 4 38 11 294 27 60 13 11 16 223 19
37 6 23 5 47 9 49 15 8 8 221 49
26 2 32 5 212 12 35 6 29 14 316 102
28 7 13 12 223 29 55 1 43 1 112 29
37 9 13 18 304 27 55 4 21 4 336 36
32 3 33 7 43 12 30 16 53 12 139 32
49 6 38 19 41 4 25 9 7 7 371 84
37 13 4 18 357 88 32 8 29 20 74 16
16 6 38 11 234 15 33 1 17 1 72 22
21 3 52 24 264 64 47 17 10 19 203 8
43 16 22 15 341 71 21 7 15 3 170 13
23 23 27 14 107 27 66 18 18 18 221 55
31 10 23 16 117 33 20 4 34 4 182 53
16 2 48 3 349 84 70 5 23 16 278 76
40 12 12 23 70 16 57 2 35 10 301 97
27 6 57 6 288 50 16 6 33 12 353 92
63 1 31 18 281 1 16 1 21 1 19 3
77 1 18 20 129 17 61 19 9 11 64 1
37 1 18 1 286 39 23 24 17 10 353 58
63 1 24 12 218 5 28 2 4 7 280 62
54 1 21 0 67 12 32 4 29 4 258 60
31 1 39 1 212 43 15 9 20 10 119 36
21 1 12 3 119 35 47 2 5 4 317 1
39 1 14 0 119 8 18 21 15 13 127 29
52 2 10 2 192 14 27 8 28 25 236 11
31 2 10 14 140 20 61 2 2 9 16 4
44 13 27 21 64 4 26 1 14 4 192 45
63 3 35 4 372 121 19 1 44 0 241 9
43 3 11 2 356 34 24 2 22 18 388 36
42 3 13 2 273 23 62 3 27 13 341 8
18 8 49 4 292 35 16 1 16 23 32 7
69 1 27 3 55 16 36 2 4 10 261 47
57 3 27 16 18 4 16 3 18 4 14 1
32 2 15 26 11 1 54 1 22 1 46 3
21 13 28 16 337 100 74 9 7 18 78 22
