34 6 16 11 180 42 65 21 16 13 67 17
23 1 45 3 35 1 18 6 43 20 397 38
37 15 11 9 272 22 64 6 15 14 218 50
52 6 41 11 312 56 28 20 47 15 336 106
17 4 32 12 264 59 36 2 2 2 208 5
23 4 59 3 183 31 21 4 30 12 136 4
61 6 9 16 380 38 75 1 23 2 180 55
21 2 12 7 176 51 30 14 4 18 20 4
16 5 19 14 74 15 30 22 45 13 100 19
27 4 13 8 255 43 27 3 45 10 264 49
48 1 13 1 392 48 30 8 64 11 69 3
29 12 8 21 16 1 38 9 33 9 362 45
21 7 47 5 47 14 61 7 9 3 384 100
15 3 64 8 58 4 75 2 11 12 213 21
26 5 65 9 154 16 31 3 57 5 135 10
30 4 3 3 240 45 41 5 2 3 391 60
46 4 50 19 61 10 27 7 15 7 115 9
28 2 47 2 304 27 67 13 13 21 95 30
34 7 30 24 333 98 19 3 24 6 154 43
91 6 6 14 116 29 37 7 5 18 177 19
40 1 13 0 118 26 23 5 17 18 132 40
53 13 33 16 373 122 19 5 12 18 237 20
46 2 36 2 15 2 21 3 18 14 322 85
74 21 16 15 96 20 25 15 36 22 314 52
43 11 4 24 352 8 32 2 15 12 302 45
41 6 16 9 108 24 52 10 30 20 202 39
28 2 48 8 32 7 32 1 31 16 208 11
33 1 26 15 175 39 37 17 12 8 67 1
28 2 20 2 116 25 75 2 10 12 360 62
30 4 55 3 239 38 25 7 39 15 317 104
89 26 4 7 280 56 43 7 50 24 155 49
34 3 61 6 62 10 19 2 30 12 186 43
44 19 15 12 356 84 21 6 11 14 171 17
15 7 66 15 78 1 44 4 21 21 139 44
25 7 61 5 189 7 49 4 37 25 163 50
42 21 49 6 321 95 32 13 52 7 302 38
19 5 15 10 239 62 70 10 22 9 131 40
79 8 19 25 23 2 58 3 2 19 239 72
54 8 36 4 187 23 37 1 36 1 270 45
29 6 54 3 112 1 25 11 6 4 154 25
