36 1 61 9 139 1 29 19 20 16 143 24
25 1 58 1 367 58 42 17 3 18 207 41
24 18 29 14 63 1 16 11 19 20 368 100
71 3 15 15 202 51 36 5 21 7 245 18
21 6 13 9 167 23 24 5 56 16 286 60
52 3 15 22 214 49 27 6 3 11 331 97
43 6 2 10 351 59 36 1 38 6 316 33
64 2 32 2 78 15 41 8 9 8 79 5
65 17 12 16 254 6 60 12 39 5 144 35
53 5 36 7 175 42 41 12 18 9 168 43
73 22 9 9 328 52 52 21 12 15 266 64
25 4 37 16 88 11 21 14 38 16 379 92
18 1 16 1 239 21 25 1 50 1 320 55
46 2 14 2 332 83 17 8 20 8 88 24
33 13 43 18 171 23 56 1 8 21 212 56
17 11 19 17 139 25 35 1 42 15 33 10
40 13 35 10 71 6 54 3 36 4 309 63
61 1 23 3 165 17 49 19 44 14 100 3
50 5 29 7 267 4 57 3 30 13 25 6
41 10 48 19 208 52 41 1 30 3 250 42
45 15 9 8 381 95 26 10 18 8 290 47
43 3 19 9 34 7 16 14 15 9 186 2
33 12 33 5 407 7 27 5 22 18 367 67
66 1 25 12 43 1 57 2 23 15 303 35
26 7 63 9 88 16 27 4 12 3 178 37
31 4 14 17 137 37 39 5 36 25 104 17
50 14 35 23 311 56 84 2 12 19 344 56
31 9 47 22 269 6 47 1 18 0 320 68
39 1 3 2 146 26 16 1 29 2 250 74
47 14 20 15 361 67 42 1 19 2 259 55
82 1 3 11 95 25 43 5 48 3 123 4
60 2 19 4 119 16 28 4 24 3 256 15
36 1 44 3 72 12 42 18 3 6 200 27
31 6 43 10 62 7 23 10 72 25 360 44
64 21 8 9 254 12 21 9 72 6 328 15
17 22 49 9 108 1 55 4 22 26 289 20
84 5 5 6 25 2 30 3 19 7 183 24
63 4 20 4 332 73 59 10 24 11 382 43
26 1 56 5 381 4 31 5 28 10 389 127
34 3 33 21 316 7 20 18 34 6 31 7
25 4 11 18 272 22 30 1 11 16 199 41
