26 7 46 13 170 5 25 3 6 25 301 47
67 1 8 5 409 56 50 2 7 20 310 81
31 2 19 2 210 24 64 13 30 7 385 77
68 1 15 16 365 35 18 5 12 12 149 42
42 2 2 2 187 8 19 1 16 8 391 69
35 4 20 17 402 119 25 2 8 5 68 20
47 1 19 23 350 101 39 8 13 18 375 53
40 3 45 5 252 10 30 2 24 15 175 42
55 2 9 4 320 45 32 1 17 6 39 6
27 1 66 1 100 16 34 20 9 16 56 12
19 1 72 17 70 18 65 3 10 19 107 4
58 10 14 6 28 6 40 5 55 7 249 46
40 1 30 7 160 35 25 4 61 12 135 44
75 20 15 13 317 28 18 4 19 10 173 35
32 14 3 11 411 63 54 10 38 11 161 7
42 6 43 25 238 36 24 4 43 22 320 58
52 1 40 12 345 72 31 7 68 12 277 55
48 6 30 12 288 55 44 12 13 23 207 26
41 4 15 11 161 22 41 5 24 3 358 25
21 1 17 2 296 8 45 3 25 9 72 7
72 12 5 12 75 7 25 2 8 12 57 12
39 2 32 20 196 49 60 7 4 18 221 1
44 9 9 23 115 1 26 16 13 13 343 48
42 15 40 9 168 48 80 16 5 15 23 5
22 5 30 7 98 6 15 10 19 20 287 5
71 16 15 13 95 22 25 1 34 13 376 106
40 1 6 2 196 43 15 6 17 13 374 84
28 10 18 8 304 66 17 3 73 17 308 42
60 2 39 2 35 4 40 7 3 8 12 1
19 1 36 6 229 43 16 5 39 20 181 37
53 6 19 26 44 4 40 4 5 4 41 11
41 1 7 19 217 36 42 4 20 24 285 80
18 7 19 13 79 3 40 2 42 6 149 37
57 3 22 6 376 27 48 11 4 11 178 55
54 1 29 26 104 20 53 15 13 11 358 111
70 8 14 17 150 47 20 1 19 0 112 36
24 6 8 22 314 87 21 1 19 2 333 43
30 5 48 17 127 38 35 4 24 22 43 6
47 4 40 17 259 55 64 2 4 3 136 32
87 2 6 2 151 31 21 16 32 20 226 57
41 18 17 20 356 67 19 5 19 19 417 40
78 3 13 15 223 1 25 4 26 5 289 50
