26 2 39 4 297 61 29 17 11 18 124 8
63 9 3 7 20 5 54 2 20 13 60 15
60 5 26 12 230 11 18 1 28 0 203 42
31 4 40 13 368 6 28 1 9 1 108 20
15 1 32 0 331 89 75 5 9 4 250 63
21 1 12 4 179 9 27 8 45 11 79 18
40 14 39 19 189 21 35 1 61 17 189 32
44 5 52 10 304 2 79 7 3 17 26 7
19 1 23 4 27 5 34 1 25 0 349 7
79 8 11 17 360 88 28 6 6 6 119 36
73 7 21 15 302 92 21 10 21 19 184 25
19 1 29 4 149 26 32 8 47 4 11 1
45 7 14 7 44 11 40 2 50 20 341 65
59 1 19 13 33 3 24 3 58 12 78 10
46 10 12 8 94 14 32 10 31 20 322 68
64 1 7 0 113 32 29 2 33 2 207 8
71 4 18 3 50 6 17 3 37 6 163 19
20 5 29 4 201 64 28 2 29 14 53 2
30 2 25 2 140 8 46 6 36 14 133 10
23 2 35 18 246 51 23 11 25 15 236 62
36 4 42 19 342 36 22 15 27 14 265 51
17 13 40 7 264 34 20 1 58 0 317 37
63 2 29 7 178 42 30 12 13 10 254 58
50 2 6 2 184 51 52 11 23 4 167 31
19 4 36 23 196 55 21 17 9 10 365 3
27 13 57 16 195 17 54 4 21 23 323 18
34 10 29 6 37 2 62 9 13 12 340 83
25 5 14 9 248 52 70 10 21 14 61 11
24 4 53 15 213 50 32 1 9 0 74 12
28 3 31 8 32 1 37 2 54 2 150 5
26 7 27 8 54 1 43 12 6 7 243 76
45 6 48 3 38 5 32 7 29 13 325 10
25 18 19 15 287 59 21 3 54 24 103 3
45 3 40 4 116 18 54 14 44 23 365 33
35 12 21 16 238 59 28 1 56 12 163 15
53 10 34 19 253 54 25 9 55 15 221 25
30 2 19 3 342 87 18 5 76 12 30 6
57 3 28 2 356 85 33 3 11 14 150 25
