89 5 4 17 353 4 87 1 3 3 218 64
68 6 4 25 73 21 21 5 16 26 12 2
36 1 52 0 157 27 44 11 31 10 346 93
50 10 42 17 176 14 44 3 19 9 327 88
29 2 3 7 69 4 35 5 5 12 305 53
41 9 53 12 301 36 20 1 12 1 220 15
33 15 2 22 247 41 41 23 17 12 289 24
46 2 34 21 212 19 28 8 44 11 175 19
28 3 63 5 26 2 55 11 18 11 138 37
19 9 19 9 356 3 80 8 18 19 239 43
40 2 9 17 203 41 18 8 42 18 270 48
27 15 65 9 406 10 19 4 15 9 119 37
49 15 36 11 247 44 25 10 5 9 138 2
21 1 25 4 218 48 30 9 29 4 385 41
57 2 37 14 248 63 50 2 15 20 341 52
83 2 7 2 209 14 31 4 62 24 309 39
15 3 77 6 333 8 76 4 13 10 286 3
72 3 3 14 187 25 15 1 28 1 72 15
59 1 19 9 301 43 26 7 15 25 73 19
43 2 6 7 216 64 52 5 11 13 325 102
78 7 18 5 202 49 49 2 20 17 79 20
31 3 26 4 105 21 50 3 8 6 150 38
35 10 12 9 18 4 79 12 17 10 181 45
28 2 9 6 307 46 37 2 26 3 405 29
29 2 51 5 181 35 80 3 7 9 219 54
77 3 6 11 234 28 23 2 46 7 190 6
38 1 10 9 394 128 29 2 63 19 375 27
20 3 46 8 17 4 72 5 19 12 206 50
32 6 45 13 202 1 42 9 5 7 101 5
40 11 6 24 344 41 15 1 36 1 384 53
20 1 59 0 343 48 43 3 26 8 263 25
34 19 8 8 110 19 28 4 47 6 388 76
33 3 11 4 379 112 33 4 13 11 145 16
37 14 8 12 23 3 46 5 6 21 272 39
18 6 26 6 27 2 49 5 20 24 82 26
46 12 10 13 350 56 81 7 2 26 397 75
39 14 31 5 351 2 23 8 10 8 16 4
47 23 42 14 298 62 49 1 20 0 220 52
16 12 20 7 263 37 29 1 25 17 208 30
58 12 26 13 21 1 29 3 20 21 213 58
17 7 28 17 346 24 35 1 17 4 218 14
