16 18 31 12 320 31 23 7 55 8 301 47
23 1 40 4 272 52 35 5 18 3 83 15
26 14 10 18 271 85 57 4 7 3 351 85
25 4 22 12 342 103 39 7 15 21 42 7
20 18 28 8 23 3 82 10 3 20 216 10
29 1 28 0 139 22 37 6 46 24 67 4
75 9 21 14 165 7 34 7 7 10 130 5
54 12 14 13 384 120 49 2 19 2 186 23
18 16 14 12 282 26 37 17 51 20 256 28
25 1 24 5 221 54 17 3 26 14 366 8
88 2 2 3 163 31 23 6 68 5 286 7
22 5 16 6 328 79 23 14 7 18 305 68
44 2 41 4 15 2 37 3 47 6 218 58
21 17 18 10 20 2 22 3 60 9 66 21
53 11 13 23 416 124 44 17 47 12 13 2
30 1 6 0 310 6 36 9 5 16 275 82
50 2 35 3 157 38 35 12 21 10 108 29
22 16 11 15 159 16 46 1 32 4 109 5
56 2 28 6 88 25 40 10 17 9 126 10
45 4 28 22 182 41 29 1 15 3 378 9
20 1 20 2 343 97 40 1 9 12 159 34
28 2 29 24 394 40 17 13 64 9 331 67
28 9 34 14 129 29 45 16 33 19 159 6
21 3 46 9 23 1 19 13 38 18 172 44
48 7 51 3 403 62 26 10 5 11 134 29
44 6 17 3 263 64 28 1 11 1 142 6
89 1 9 22 138 39 35 8 9 25 51 3
71 13 12 10 208 14 42 2 14 11 58 2
72 2 19 4 226 20 66 5 9 20 336 65
44 8 30 15 308 33 54 1 6 2 369 55
31 5 5 4 161 24 28 1 6 4 343 19
59 1 5 3 153 13 41 3 36 10 56 8
37 2 7 8 245 65 80 2 6 3 295 43
58 4 11 12 247 23 60 4 27 3 20 3
38 23 33 14 71 5 90 1 4 0 119 34
15 1 40 2 75 18 29 4 6 10 51 9
63 19 13 8 89 19 45 13 10 9 223 21
20 15 12 22 234 6 37 2 4 20 202 26
51 19 19 8 241 39 36 11 36 17 139 24
74 18 14 17 102 28 25 9 42 17 358 89
44 1 20 2 199 26 43 13 2 12 246 6
35 2 23 4 55 14 39 1 29 6 177 2
