43 43 81 32
62 86 76 73
61 70 97 90
41 75 59 70
40 48 52 35
84 25 32 54
40 47 54 40
42 51 92 87
19 22 39 23
52 44 100 95
72 54 79 51
35 66 58 83
19 40 18 45
76 75 73 77
63 82 70 76
53 21 28 22
63 22 75 87
49 26 97 30
55 75 48 39
57 65 37 76
34 73 54 61
77 63 76 54
60 42 26 64
40 69 62 76
31 79 58 21
58 66 43 55
63 32 72 27
34 68 79 79
54 51 52 55
52 46 96 85
53 32 64 49
95 19 85 34
58 100 85 98
84 44 54 83
72 77 94 84
89 76 51 39
37 31 65 71
58 55 74 77
79 66 61 65
63 75 79 43
66 39 64 32
47 62 49 70
