29 1 17 3 52 1 19 13 25 17 69 6
33 12 17 9 138 12 19 1 32 1 293 62
62 12 27 17 286 62 67 19 21 11 239 56
34 1 54 0 22 6 38 14 13 7 16 2
60 22 30 9 223 43 27 15 39 5 92 13
58 1 5 1 73 15 16 16 50 10 230 9
71 9 14 9 167 25 42 9 41 6 150 28
32 8 8 18 40 4 17 8 58 20 48 5
61 4 28 15 354 85 38 11 50 16 194 17
38 12 48 16 77 13 16 6 27 12 220 64
85 3 4 4 324 32 75 3 14 11 17 2
33 1 15 0 144 39 24 1 42 4 265 13
38 1 41 7 76 13 86 1 6 5 236 77
63 16 13 10 236 76 15 9 47 16 232 5
51 7 24 14 292 53 30 5 13 8 24 4
95 6 3 5 305 13 67 1 10 3 259 18
44 5 23 13 63 20 76 5 3 4 254 16
62 19 12 6 88 18 33 2 49 2 38 4
33 2 11 21 285 12 53 8 5 17 118 15
54 5 34 4 204 63 37 9 60 25 213 8
47 16 39 15 243 16 73 17 26 12 54 17
32 1 53 6 370 60 50 6 26 6 317 104
40 3 21 14 55 17 41 9 29 14 73 20
32 15 21 18 124 25 54 3 14 6 274 87
38 6 4 5 181 6 32 3 7 4 88 5
16 3 83 2 264 12 21 6 12 14 311 96
67 1 5 0 45 4 31 9 34 4 303 76
32 14 32 7 17 2 23 3 13 5 105 9
63 16 34 21 86 5 19 12 16 16 106 10
34 12 2 13 278 32 36 15 36 11 33 5
34 17 26 8 77 18 24 19 38 19 230 9
53 5 35 10 344 7 39 8 17 8 238 47
57 3 11 26 121 27 67 1 15 11 218 25
24 4 74 15 257 69 43 5 22 14 299 96
25 3 6 6 82 17 34 18 33 10 88 21
15 10 25 16 51 6 59 7 39 9 117 24
17 15 42 21 230 37 41 10 39 17 261 4
40 1 10 19 122 39 23 1 53 3 159 51
