18 18 76 10 35 1 63 14 11 5 40 6
33 6 7 24 95 24 58 1 36 1 312 59
43 3 23 9 56 7 45 5 38 21 316 98
46 6 53 12 351 71 30 15 11 9 161 8
35 11 24 15 81 4 29 10 54 18 305 53
42 6 26 8 156 24 32 4 31 16 89 12
23 8 8 13 58 12 91 11 6 20 14 1
48 10 21 25 196 43 20 16 13 17 121 32
21 2 41 3 329 22 26 1 9 4 127 22
60 6 18 14 279 45 31 3 11 17 230 4
29 11 27 11 358 77 41 13 25 20 178 23
44 12 9 9 378 52 24 4 32 8 59 3
61 3 33 5 310 42 42 4 6 23 136 16
17 2 15 3 283 9 61 1 12 1 88 15
35 2 15 13 93 1 43 10 43 12 76 21
36 9 5 12 270 78 71 2 15 2 303 18
80 5 9 20 101 17 32 2 37 5 46 6
17 11 38 23 56 5 21 5 11 18 278 24
36 1 62 2 219 27 48 13 6 20 366 114
35 21 9 13 26 6 74 14 24 19 229 60
22 7 13 15 247 49 24 4 66 5 14 2
27 4 7 10 348 9 25 12 40 5 40 1
17 10 45 4 262 37 54 6 2 6 71 3
28 4 23 19 117 9 54 1 10 22 140 5
18 1 13 6 16 3 32 2 28 20 225 36
50 5 32 10 239 76 64 11 13 11 234 49
30 4 6 17 364 108 19 5 16 24 156 9
19 4 17 16 178 55 56 19 5 17 139 11
40 1 42 1 67 9 21 1 18 0 373 72
47 2 13 16 348 104 40 5 12 25 110 6
22 1 75 1 129 19 31 8 5 4 336 85
25 1 9 25 324 40 49 9 33 6 74 8
17 14 14 12 323 58 25 1 5 18 224 21
20 8 78 25 358 5 33 1 46 1 174 48
34 2 8 11 28 5 56 1 6 2 379 24
44 13 41 17 250 59 19 10 60 17 87 10
19 1 48 0 169 20 21 11 33 10 202 9
50 6 3 9 70 3 38 1 13 0 45 3
