27 6 17 8 76 8 23 4 15 6 343 66
81 8 17 12 131 42 30 9 4 14 254 75
31 2 3 2 250 82 43 5 9 25 225 47
42 24 41 10 170 28 31 10 31 11 379 21
33 2 3 9 320 75 40 4 58 10 200 34
56 6 4 16 306 59 59 4 21 3 203 20
17 3 35 8 31 6 72 1 16 2 55 5
50 7 6 9 63 5 40 14 11 19 151 7
41 2 44 17 22 2 20 18 29 20 364 82
59 4 6 3 122 34 42 2 4 5 115 21
56 4 9 12 260 37 22 6 13 9 228 60
61 7 21 7 175 37 19 4 41 3 312 44
32 8 65 13 278 80 27 9 20 7 194 27
20 13 35 7 57 10 43 16 3 21 369 62
24 5 68 10 282 46 41 9 9 7 131 16
41 4 15 13 66 17 15 8 20 7 146 29
33 3 36 9 229 47 24 14 36 5 202 46
55 13 44 10 40 2 51 1 11 0 186 51
55 2 27 18 130 14 77 13 17 18 109 6
18 1 72 11 309 74 25 3 22 8 89 2
45 2 25 13 290 86 67 12 4 5 104 32
46 19 23 6 17 2 42 1 9 0 318 43
53 1 39 1 48 10 23 12 8 5 177 12
37 1 31 0 260 19 43 12 40 5 40 5
33 2 21 2 165 23 17 5 29 6 71 21
17 15 45 5 257 47 38 2 27 3 137 44
49 1 44 2 329 95 19 5 11 13 283 40
40 14 44 16 12 3 75 1 17 2 35 8
16 10 22 24 61 4 57 8 19 15 226 44
16 1 42 17 382 61 65 12 33 17 52 7
54 4 8 5 218 67 70 11 19 6 105 19
48 23 37 12 102 6 22 6 10 6 281 92
22 1 62 1 303 5 41 6 15 26 230 42
60 3 6 11 335 24 52 11 3 10 305 7
35 16 21 5 260 79 62 16 27 10 258 72
16 1 22 12 65 19 38 6 44 3 211 58
58 19 8 11 206 50 23 6 7 13 31 2
49 13 30 20 98 23 27 4 40 6 242 75
34 1 6 5 183 57 18 6 20 16 203 33
