52 14 2 15 98 6 67 4 15 4 303 53
18 2 31 8 374 84 85 2 10 5 236 12
62 10 26 11 359 4 51 7 43 5 329 91
72 20 10 13 369 112 29 1 61 1 150 32
15 12 19 14 258 1 35 2 7 16 142 12
45 8 21 13 319 65 29 4 36 11 373 96
21 4 18 4 129 10 97 5 2 7 119 15
16 1 19 7 98 17 30 10 17 4 224 33
31 1 48 5 298 35 20 7 15 5 196 9
79 3 9 2 191 34 23 3 23 22 193 42
85 2 4 12 49 5 44 11 14 21 58 5
23 1 11 0 243 55 54 22 37 15 60 5
34 15 15 21 228 46 27 1 9 6 137 5
71 3 6 23 214 7 39 4 33 21 180 30
34 5 61 7 277 79 57 8 3 7 323 63
22 4 10 26 299 59 20 7 25 26 357 78
15 1 25 0 375 86 81 19 9 19 316 66
48 12 27 5 257 10 28 2 6 3 69 14
41 2 4 14 22 1 47 8 49 13 151 17
46 2 13 9 64 3 66 18 13 10 310 99
22 3 10 7 273 37 41 11 55 15 325 5
18 8 46 21 206 30 49 6 21 23 335 35
41 8 21 15 92 8 41 2 46 9 217 58
22 8 52 4 16 1 17 9 55 12 263 85
57 14 20 23 122 32 75 18 18 17 138 22
28 6 3 14 141 30 22 2 25 2 166 20
49 3 17 9 353 17 45 1 5 3 128 4
19 4 38 5 356 30 32 6 47 24 31 2
50 11 4 4 176 3 71 1 13 3 123 14
78 7 18 10 376 57 33 3 27 2 340 69
19 3 14 8 131 4 34 5 3 19 399 90
15 1 58 0 331 20 80 17 5 16 40 9
62 5 32 9 295 83 52 1 24 0 235 75
62 1 10 24 390 37 27 1 12 4 287 30
28 4 70 10 48 15 31 1 10 0 357 24
50 2 39 7 332 99 51 1 44 1 105 10
64 2 12 7 331 69 33 14 57 15 268 72
68 11 14 10 280 10 16 12 47 21 25 7
35 12 24 12 101 7 60 7 2 3 28 3
19 6 39 14 55 10 21 3 27 15 35 3
