98 52 32 91
30 64 51 15
74 40 99 86
43 78 70 33
79 71 71 37
81 88 97 98
54 46 46 92
70 80 80 91
48 65 28 41
58 58 53 42
91 28 60 28
71 45 46 57
60 47 54 56
26 85 28 43
76 85 57 50
62 64 56 54
99 61 79 83
22 89 29 95
36 68 74 86
72 29 88 86
67 73 62 62
49 23 21 72
44 79 59 63
41 16 79 23
20 93 29 18
100 77 54 90
95 15 88 81
87 98 80 85
83 55 98 84
34 84 61 42
58 30 43 61
40 80 38 41
78 88 63 50
67 76 84 93
51 66 69 53
83 57 91 50
91 52 74 69
41 100 76 90
97 69 43 77
81 69 52 57
84 41 68 49
60 74 73 61
