32 16 6 20 206 52 53 3 31 14 208 45
44 6 5 3 319 49 50 6 29 8 251 55
17 2 37 5 125 15 17 4 22 24 373 14
36 1 7 1 214 20 18 4 15 23 188 55
23 17 64 20 91 26 35 12 6 24 204 23
44 1 30 10 187 6 26 10 65 4 276 81
59 1 19 12 99 6 47 18 36 17 124 27
65 1 18 0 313 86 32 5 47 25 410 11
27 1 10 2 256 12 27 6 6 6 352 40
23 24 49 12 352 25 44 7 5 14 326 27
47 7 19 20 245 37 39 9 37 10 290 19
38 1 11 19 116 30 19 1 24 1 51 4
44 13 31 7 96 18 19 1 41 12 376 91
32 13 10 15 345 7 77 4 5 5 144 18
71 16 12 17 303 37 48 4 5 22 286 71
15 4 75 10 242 27 16 1 45 7 167 38
53 8 9 6 63 5 36 6 47 9 415 104
28 24 2 12 391 127 79 6 15 14 232 44
36 16 30 10 228 7 29 11 14 4 393 38
35 4 36 16 89 1 21 2 31 17 280 48
71 1 6 7 294 91 51 14 31 5 327 15
16 4 63 5 41 11 53 9 13 16 66 18
50 7 39 8 286 49 39 4 33 23 27 4
56 2 3 8 101 9 33 3 60 18 256 22
22 14 31 19 199 22 54 5 4 3 35 9
59 19 29 17 376 67 48 10 26 8 392 55
51 3 38 11 231 53 25 10 57 24 392 70
27 13 13 20 265 58 19 1 41 7 308 31
17 5 29 12 28 4 20 17 51 20 264 55
42 13 9 5 99 3 75 5 12 10 373 111
16 20 73 6 374 86 80 1 16 13 139 36
31 8 3 15 258 47 79 1 10 5 361 108
30 1 9 5 22 5 42 18 52 6 218 43
29 6 10 23 324 73 62 6 32 18 106 31
61 13 4 12 343 63 23 2 15 4 397 115
38 18 12 8 81 23 32 1 46 6 44 2
49 2 8 3 299 46 25 5 63 3 102 32
29 7 33 21 377 92 41 10 20 25 283 6
35 10 15 8 32 3 59 11 19 22 407 60
33 1 6 0 263 27 20 12 29 20 87 5
82 7 11 3 295 27 18 15 17 5 105 14
33 6 26 5 383 91 23 18 11 12 362 23
