17 2 28 22 131 36 70 4 25 14 75 7
38 6 8 24 384 21 25 2 10 9 234 19
66 1 2 9 38 3 25 15 15 17 389 46
25 3 39 25 191 46 21 1 12 1 223 67
32 10 9 17 257 81 59 1 23 3 386 71
20 4 21 9 83 24 86 2 12 26 215 48
41 1 42 6 134 27 53 3 29 4 93 18
21 1 40 0 165 28 43 3 31 2 144 1
58 1 2 2 143 41 68 13 20 15 157 16
43 9 4 24 189 9 70 1 2 22 167 44
43 3 39 2 141 10 81 1 6 2 190 59
38 16 12 10 54 16 31 23 7 12 66 12
25 1 5 25 185 29 62 19 7 12 306 88
23 1 56 13 12 2 27 11 62 4 261 43
29 6 23 13 325 107 20 2 19 25 181 42
91 6 5 6 270 8 19 6 14 24 81 19
20 2 14 6 173 33 60 1 7 19 273 28
39 2 24 4 10 1 35 1 7 11 337 47
93 10 3 6 140 5 23 4 73 17 267 71
37 10 26 14 112 21 20 3 35 20 368 114
35 5 42 7 151 29 17 1 44 1 109 32
23 3 37 11 148 8 20 4 30 15 364 15
33 10 36 24 388 82 17 7 38 16 278 78
20 2 62 3 165 11 24 3 27 25 351 109
59 3 21 2 128 34 37 1 10 8 376 77
21 3 15 2 310 59 39 8 17 6 345 27
27 1 38 1 135 11 20 6 40 3 346 100
26 2 53 6 313 76 27 2 47 9 234 59
51 1 32 1 280 3 57 10 19 13 18 2
15 1 49 19 179 20 57 2 18 2 85 13
24 1 58 1 132 32 18 5 58 13 269 24
36 13 8 9 256 69 21 1 69 7 70 18
19 10 26 4 145 47 27 22 13 6 285 11
48 20 41 6 280 30 16 2 58 2 86 14
24 7 55 18 241 29 64 5 32 4 294 42
77 1 15 6 377 27 18 2 70 5 242 54
62 1 33 13 184 4 48 1 3 0 69 22
17 21 36 13 247 58 22 3 34 9 165 4
39 3 21 9 68 17 72 2 10 13 10 1
