33 19 7 12 197 56 37 2 51 22 253 2
35 21 44 6 21 4 30 4 47 17 153 15
17 10 61 6 17 4 35 12 22 24 304 85
30 15 14 13 365 117 23 5 30 8 40 3
27 1 34 12 170 9 54 14 12 14 21 2
53 1 5 2 102 33 29 5 49 7 355 34
33 6 2 22 24 5 15 7 30 5 201 64
21 10 53 21 26 6 91 1 4 8 381 18
34 5 35 10 28 8 38 20 31 6 32 9
36 1 12 4 290 39 15 3 50 2 103 14
34 11 14 8 79 7 32 3 11 9 332 72
58 1 9 4 362 25 68 9 2 21 71 10
83 6 5 13 127 11 17 8 34 21 350 100
27 13 6 10 401 5 52 2 21 20 294 8
76 2 19 3 394 118 38 1 46 1 308 44
49 4 22 9 27 1 27 2 35 3 155 42
33 13 57 9 74 18 32 1 21 10 17 4
32 6 55 13 205 9 71 1 23 0 13 1
37 9 51 18 95 12 71 9 26 14 168 8
55 10 36 18 190 53 42 11 33 17 21 3
24 21 8 11 267 62 25 7 27 24 340 29
18 1 79 17 46 6 27 3 13 8 297 56
24 1 26 1 163 29 28 2 51 2 275 18
62 2 37 13 329 59 33 6 18 22 76 22
91 1 5 0 113 1 76 5 15 8 377 11
27 3 26 6 281 1 26 1 45 1 117 10
22 15 16 17 54 15 39 1 29 14 378 47
52 21 4 6 247 57 86 1 9 0 177 7
33 3 5 2 350 104 45 12 38 13 338 33
55 16 28 20 251 47 44 1 25 5 261 33
20 6 43 20 262 56 24 10 43 14 384 93
32 1 34 5 228 61 34 6 63 3 174 13
21 10 14 20 279 74 87 5 4 6 147 48
40 3 4 8 317 44 38 1 54 3 343 100
80 4 3 14 151 49 48 5 27 19 131 10
55 1 11 1 213 29 25 26 24 7 212 47
48 9 18 21 95 19 42 11 16 10 122 12
32 5 6 3 239 24 19 5 32 7 68 21
23 7 7 25 59 16 22 22 19 9 20 5
34 1 47 3 19 4 22 3 10 5 197 36
26 14 5 18 46 11 25 3 6 12 202 29
