21 2 49 13 153 17 72 2 27 6 311 30
37 1 30 15 201 49 16 5 32 8 249 56
50 19 37 6 17 2 25 9 15 23 43 8
26 2 9 4 235 29 53 21 43 9 125 34
55 2 29 16 260 3 32 9 37 9 159 1
26 9 68 21 48 1 33 11 18 19 13 2
36 8 18 10 123 3 45 2 10 7 93 22
62 3 14 20 225 39 30 18 29 12 46 8
21 4 31 5 315 88 38 7 56 21 135 8
40 6 8 16 229 63 32 7 51 3 26 7
60 1 31 0 182 55 48 1 35 2 208 34
30 6 28 6 252 65 23 1 18 2 196 20
55 21 7 6 155 13 24 17 8 18 269 51
17 1 32 4 115 34 43 2 44 5 372 32
47 13 8 16 384 87 73 13 23 7 210 69
18 16 13 20 174 3 33 9 46 13 195 60
24 14 25 12 172 8 75 5 21 21 131 24
42 1 23 0 378 117 23 9 24 10 271 83
29 14 14 15 184 53 29 1 31 14 144 17
29 1 40 3 352 8 89 1 4 23 368 52
31 4 52 4 125 5 18 3 71 24 225 63
43 2 44 3 201 2 57 1 33 2 395 67
77 7 2 15 300 23 44 14 3 9 310 2
56 1 43 3 248 63 38 2 11 23 114 16
15 9 76 7 127 20 26 6 11 3 323 30
38 2 35 6 354 23 88 19 6 14 386 120
28 2 25 3 59 2 16 2 17 2 262 66
30 5 62 19 337 45 69 2 3 13 258 83
56 3 27 18 237 69 19 7 11 3 186 21
40 7 18 14 353 18 37 1 2 0 87 28
15 5 38 8 335 38 25 7 64 7 365 29
31 12 20 10 278 49 37 12 35 19 224 64
51 11 16 4 148 24 52 10 30 25 350 16
79 11 7 10 189 14 52 12 16 13 388 1
23 1 76 0 329 2 35 1 43 1 61 5
20 1 29 2 317 60 46 2 2 2 98 28
52 7 22 13 13 2 20 2 18 10 145 7
45 7 14 17 268 82 22 18 8 17 173 49
75 9 10 7 15 2 68 12 13 12 247 37
34 1 13 0 263 2 43 15 12 21 11 1
