79 4 13 3 243 8 72 14 3 12 73 21
56 12 2 7 389 25 40 1 45 3 266 45
38 2 9 6 329 11 30 1 5 4 356 72
63 2 8 16 273 24 38 18 33 6 403 98
26 2 70 3 353 39 20 17 27 10 313 55
95 24 4 7 242 53 33 11 4 14 227 11
26 1 7 0 403 69 17 14 74 9 176 21
67 6 22 26 255 1 46 14 46 15 182 51
55 1 25 4 234 49 31 7 3 24 398 5
91 1 3 2 98 24 28 7 55 13 312 86
15 9 26 22 204 48 28 3 52 2 69 2
35 12 6 21 81 26 57 7 14 9 308 12
16 18 25 8 312 93 18 8 29 8 143 9
17 2 22 3 132 12 30 20 26 16 163 2
22 9 22 15 273 22 23 6 59 12 353 74
86 8 8 17 133 36 39 9 7 24 394 61
37 14 62 23 79 3 80 6 5 5 226 34
32 15 8 18 138 2 68 13 14 21 190 44
37 19 12 12 238 38 27 4 58 14 355 45
16 5 18 4 414 109 49 9 45 13 125 24
46 1 11 26 263 42 57 2 7 13 105 33
39 3 39 6 81 18 34 4 28 6 405 92
46 1 51 7 28 6 52 6 31 21 111 33
41 11 2 20 302 51 27 1 7 0 33 10
57 8 2 18 86 21 29 1 28 4 373 2
20 16 65 20 369 42 32 5 61 4 130 34
15 1 52 21 220 16 43 11 24 19 144 18
16 2 53 3 305 49 30 5 44 4 67 6
48 9 22 4 75 20 63 19 3 11 130 8
18 1 18 4 153 30 39 12 6 18 337 83
32 3 57 15 155 38 34 2 36 3 101 7
33 9 41 9 107 10 43 20 23 9 89 18
24 10 65 6 181 56 22 9 52 14 18 2
60 16 9 16 175 39 52 3 39 6 316 49
16 8 41 21 10 2 29 2 41 4 278 60
25 7 49 8 219 63 36 1 47 5 335 4
78 11 8 22 114 6 71 6 24 12 312 25
23 1 41 0 295 81 42 3 53 19 123 10
90 2 5 4 97 31 25 2 12 11 118 33
62 11 3 20 132 9 31 2 50 3 48 6
36 9 39 12 294 15 22 3 72 15 149 26
71 13 4 20 34 5 17 1 69 1 148 48
