37 93 84 45
48 98 76 95
82 79 75 66
17 47 43 19
61 50 56 49
75 71 76 72
55 46 100 50
47 76 36 78
42 97 64 62
63 96 24 76
84 71 57 65
46 90 72 86
39 40 37 46
62 57 91 53
80 94 48 51
94 89 62 47
72 47 63 90
77 74 67 77
86 71 65 77
50 95 69 57
89 45 99 43
49 62 65 64
71 73 69 80
30 78 86 19
45 70 97 100
37 80 41 46
74 94 72 89
21 18 49 15
42 56 33 17
78 86 86 76
36 36 51 56
85 30 54 41
38 58 59 52
48 96 99 80
33 61 74 40
28 100 37 54
31 72 49 82
95 100 93 86
16 26 45 38
92 75 90 85
72 89 78 79
81 67 62 80
