27 8 72 20 154 4 58 9 9 4 306 44
25 23 39 12 271 22 60 1 22 1 140 31
39 3 31 17 401 118 27 15 13 13 91 17
47 6 7 24 287 79 59 1 8 21 17 1
18 8 47 4 245 13 59 8 32 19 28 7
24 7 28 14 76 5 33 6 16 3 347 51
31 5 32 8 316 32 45 10 41 9 204 42
24 8 7 17 34 3 34 7 36 14 412 116
49 11 3 6 48 2 48 21 6 16 18 2
40 3 19 12 354 4 25 15 27 16 131 14
29 10 37 4 298 31 25 9 18 6 245 22
47 3 36 19 182 10 27 7 4 17 107 15
16 12 58 19 409 128 24 1 53 11 410 64
53 25 20 10 343 70 33 1 46 1 65 1
34 1 56 9 157 16 51 19 30 6 250 51
35 22 15 9 248 3 36 4 28 16 39 10
68 7 3 14 237 76 29 16 2 15 275 72
33 1 10 3 396 60 63 7 21 9 324 38
47 1 10 0 273 77 34 1 6 1 182 33
21 9 11 7 177 7 58 4 31 21 376 111
23 1 56 5 187 53 32 3 6 24 283 91
35 1 20 7 387 5 46 2 13 3 34 9
20 6 31 9 198 23 24 13 25 7 54 12
37 21 19 11 368 64 37 10 40 19 279 51
24 3 24 18 238 45 49 1 42 1 167 37
54 13 2 18 163 22 16 23 23 14 71 16
21 3 32 4 31 2 92 4 7 19 163 52
21 16 22 8 278 9 24 5 22 4 197 5
41 5 29 7 388 128 24 16 16 17 170 22
15 4 30 5 218 18 23 3 7 21 204 31
26 1 36 2 117 25 61 1 19 2 306 60
37 8 25 7 26 7 40 1 39 20 173 35
62 11 17 23 371 87 15 9 66 4 59 1
42 18 8 17 210 35 89 20 9 15 269 34
24 22 32 13 66 20 34 6 55 12 352 104
33 12 17 9 242 55 37 6 53 12 236 54
64 1 6 6 23 4 35 1 16 1 293 89
21 7 27 13 391 76 29 11 39 21 169 21
25 3 55 7 165 28 36 2 40 9 297 48
22 6 16 8 108 32 63 4 30 3 162 25
35 1 9 0 235 69 66 5 6 3 159 38
39 2 43 12 408 24 15 14 25 9 124 8
