29 14 51 14 359 109 51 4 18 21 112 2
25 23 36 12 42 9 62 15 2 21 208 46
50 20 5 6 305 40 37 5 31 3 198 4
67 10 9 25 220 35 43 1 46 4 58 12
21 4 46 6 184 37 49 5 20 19 265 53
33 9 22 6 76 11 57 11 12 15 176 46
68 4 5 6 85 12 16 10 72 12 288 95
20 3 34 12 123 10 43 4 45 3 260 38
25 1 7 2 211 42 21 3 19 9 358 65
55 10 21 24 266 10 31 7 9 12 300 52
29 13 20 23 176 52 44 6 29 12 356 28
25 2 41 19 354 114 24 1 9 14 68 2
61 1 9 1 109 5 40 1 44 5 131 7
28 19 34 17 344 103 20 4 46 5 116 28
83 3 4 2 173 2 67 2 31 5 364 111
21 5 10 6 323 79 26 23 17 12 200 13
54 11 20 24 148 39 70 9 16 15 362 104
18 19 61 14 258 15 55 3 22 23 358 74
17 11 53 11 287 49 23 1 71 1 181 44
25 6 35 6 101 8 19 17 45 15 77 4
38 3 15 9 354 110 16 2 55 15 57 10
47 10 15 13 305 9 32 3 50 4 181 14
68 16 22 19 310 67 62 9 11 14 304 18
27 8 45 10 85 19 50 2 18 10 364 5
31 5 8 8 66 9 36 6 4 10 132 32
61 1 20 1 117 24 32 13 39 17 41 7
28 1 2 0 68 11 23 17 24 8 291 78
86 12 7 5 128 28 31 3 20 10 37 3
33 1 10 1 330 19 46 1 13 4 159 14
18 2 23 6 166 20 35 14 44 9 186 40
63 6 19 22 248 49 15 25 15 7 218 17
43 8 4 23 197 20 54 22 45 11 244 62
20 9 22 23 362 95 79 7 7 8 245 35
28 8 61 7 40 5 30 6 64 8 88 15
23 9 15 7 322 54 35 5 46 9 155 45
15 7 21 17 69 12 28 5 13 3 362 99
61 2 2 2 89 1 28 20 55 13 234 53
15 5 82 12 90 6 18 9 30 17 28 6
