21 5 10 4 390 31 34 10 12 9 219 55
27 20 24 16 377 39 45 24 6 12 266 18
31 13 40 9 289 45 72 6 5 5 41 2
59 3 7 24 319 94 22 18 38 10 352 110
21 1 21 0 104 32 72 2 3 13 389 105
32 5 7 4 303 69 19 2 35 3 251 6
38 19 47 14 134 22 42 4 2 5 142 17
84 1 2 1 288 11 29 8 16 15 269 13
23 2 10 17 49 12 30 10 7 11 156 29
20 1 63 1 143 15 50 1 33 3 125 3
48 15 34 16 305 81 29 8 41 7 102 19
25 9 11 13 278 4 77 9 15 17 146 43
38 9 53 7 160 15 18 5 62 7 340 25
35 1 47 2 145 28 52 18 47 10 46 10
60 8 14 17 326 48 22 7 19 15 160 7
23 2 12 9 54 11 25 15 52 14 100 17
41 1 41 1 385 6 29 5 35 18 153 14
25 6 20 14 260 42 34 5 20 12 281 30
23 1 22 17 394 31 60 17 12 8 25 5
23 9 11 10 336 42 26 13 73 5 309 65
21 2 57 14 258 39 54 9 41 4 20 1
31 3 36 14 303 20 68 13 23 12 73 1
16 7 29 16 207 13 57 18 40 14 325 44
20 2 21 26 121 14 43 1 25 0 215 69
40 1 48 1 25 1 17 10 51 14 332 77
23 3 75 16 123 17 30 1 14 25 120 20
30 5 38 3 60 6 42 2 49 9 365 102
23 19 48 11 77 4 25 6 71 3 341 84
31 3 19 10 117 8 65 1 11 1 180 33
46 2 40 2 103 15 26 7 14 8 199 46
19 1 47 0 252 73 59 1 19 10 373 87
36 8 32 21 215 52 31 11 50 11 146 7
47 7 7 12 85 14 27 7 68 15 176 16
42 22 3 13 273 23 26 3 59 25 280 36
31 11 7 17 92 9 49 3 32 6 209 30
23 2 24 2 21 5 42 4 39 5 240 73
26 7 55 5 265 41 38 21 33 9 248 12
17 2 18 4 354 101 15 4 55 10 124 4
18 11 12 17 317 52 28 2 35 2 82 6
16 2 20 2 200 58 19 1 19 4 179 41
