33 60 97 26
30 45 54 53
25 74 59 77
73 46 33 37
63 64 68 67
34 77 70 93
92 88 66 97
26 23 20 68
75 67 63 100
54 59 98 84
26 83 44 31
86 67 77 85
23 27 66 70
49 56 26 29
71 41 29 95
83 41 50 77
59 29 39 60
44 82 68 47
78 16 15 79
59 49 75 52
58 43 90 63
31 50 80 44
94 74 79 55
70 58 69 43
16 15 39 85
81 85 81 82
17 37 47 77
71 56 72 55
90 87 80 100
93 56 81 58
73 49 45 88
61 37 43 64
33 31 80 31
41 44 40 76
79 77 50 77
67 89 20 20
55 75 43 91
38 69 96 81
48 41 29 89
49 53 43 21
24 52 59 40
62 86 99 75
