62 2 16 4 143 4 21 1 30 18 68 16
39 23 38 9 206 36 60 25 34 7 381 112
27 3 24 2 48 14 40 9 37 17 109 11
24 1 16 2 371 93 47 11 28 8 56 8
69 19 25 19 203 43 32 6 33 5 287 67
55 3 25 2 189 33 42 5 3 3 15 4
42 4 24 21 143 24 81 23 14 12 343 42
64 12 32 20 375 25 21 17 67 12 324 23
30 1 13 20 259 64 24 1 55 0 101 27
33 8 46 17 206 33 24 20 12 18 113 32
28 5 2 14 342 98 43 5 18 17 172 21
30 1 19 0 44 6 22 1 66 7 87 22
21 1 66 13 159 27 32 6 24 5 88 16
26 8 44 19 170 9 31 1 41 4 39 12
41 1 9 15 162 14 64 3 4 4 248 10
70 1 5 22 154 18 20 2 48 2 236 39
77 11 11 14 204 43 54 10 4 6 164 51
26 1 30 16 232 27 19 18 16 10 342 38
42 2 23 8 110 25 18 4 53 13 366 34
46 5 10 17 331 83 21 2 31 3 280 86
25 9 6 17 13 3 27 8 8 19 240 24
68 4 14 6 147 16 27 13 3 21 362 89
20 4 35 4 271 46 47 9 21 14 242 31
33 11 12 16 76 7 36 1 29 10 346 75
45 2 38 14 151 33 42 10 42 14 149 1
17 13 51 17 239 23 18 8 81 13 141 24
51 1 9 1 91 28 39 1 4 0 335 110
42 1 10 4 58 5 81 12 16 16 81 25
64 4 29 12 185 53 65 3 5 2 191 48
50 8 20 7 35 2 60 19 29 17 82 25
85 6 4 8 135 32 71 16 8 8 137 15
35 12 19 19 68 15 38 4 37 10 385 75
15 6 67 25 171 47 30 3 30 4 142 42
79 13 18 16 215 22 43 17 56 13 71 2
82 2 9 2 78 8 55 11 38 12 219 40
26 2 15 2 115 37 71 22 19 15 157 16
17 3 22 4 11 1 28 11 53 15 370 56
34 6 11 6 155 23 31 1 7 8 195 40
73 10 9 14 187 61 94 12 5 9 210 65
