20 2 17 9 46 1 16 8 22 6 361 88
48 8 3 11 285 84 40 7 21 3 60 6
30 3 4 11 379 57 24 4 15 4 379 90
77 7 19 5 273 61 55 9 36 20 100 27
56 2 17 20 96 26 24 13 22 12 265 71
24 21 30 9 44 3 53 13 5 7 51 8
20 1 13 1 51 9 28 21 26 9 87 4
39 8 9 11 222 14 38 13 33 7 156 34
52 3 11 10 351 90 26 4 7 9 21 1
38 1 38 1 43 1 18 4 26 4 351 78
27 15 5 18 300 67 30 2 20 21 242 25
42 12 13 18 378 2 23 3 41 2 57 6
15 5 39 13 77 4 54 5 3 3 268 85
15 1 71 21 330 13 21 13 20 5 103 24
37 8 19 12 58 4 57 17 26 8 34 3
48 13 25 7 198 40 29 1 29 4 20 5
60 1 19 9 71 2 64 4 24 20 379 105
24 13 13 15 62 11 22 3 72 10 265 28
39 13 12 20 352 30 42 5 39 19 337 99
64 1 7 0 292 53 66 6 9 3 198 36
43 1 9 6 352 56 30 1 5 1 194 33
36 16 39 12 257 14 51 3 35 2 14 2
29 1 66 7 133 9 46 7 27 14 171 4
28 14 50 15 313 84 27 1 64 0 184 45
49 1 2 2 122 32 33 4 29 15 112 36
48 2 42 16 72 9 27 5 15 16 346 63
49 2 25 9 323 95 20 2 13 19 252 3
56 1 22 23 118 12 25 4 19 19 202 26
23 4 28 19 52 7 48 2 36 6 114 25
68 1 8 1 164 9 42 6 44 6 83 6
56 12 27 23 316 46 25 6 25 6 70 14
55 9 32 6 105 2 18 1 53 1 12 3
22 5 10 17 353 41 91 3 2 10 233 66
34 7 24 24 241 11 79 10 2 11 273 21
80 3 4 2 323 96 16 2 38 14 326 91
33 13 54 10 313 66 38 6 40 8 57 1
43 4 13 11 179 9 77 1 7 0 142 17
46 4 34 4 102 9 23 2 23 4 148 29
