15 4 52 3 92 26 30 17 20 8 57 17
35 5 2 9 415 102 32 5 58 12 68 15
15 1 28 0 418 23 41 4 19 4 380 93
43 6 39 19 386 71 46 1 7 1 312 95
19 4 41 3 108 24 17 6 16 5 127 6
33 8 38 18 187 28 30 1 32 16 278 79
37 3 27 19 334 21 65 16 26 19 415 47
24 5 73 19 117 31 17 1 31 1 189 41
32 19 22 14 246 72 24 19 12 6 35 6
61 2 3 3 11 2 96 19 2 8 66 16
15 1 56 3 58 10 60 1 3 0 117 29
72 22 13 11 253 31 81 7 10 5 291 92
64 5 3 13 144 4 29 1 27 3 188 14
21 4 19 6 288 44 42 1 29 1 169 27
26 23 4 6 49 6 54 1 6 4 152 25
31 17 9 13 346 69 31 5 52 9 99 14
78 16 5 13 298 33 28 1 19 0 336 37
60 6 4 5 13 1 28 17 17 10 50 3
22 12 75 7 49 1 28 1 5 0 120 32
80 1 19 0 140 15 23 1 18 3 236 49
24 7 47 22 251 41 54 23 40 6 132 27
39 7 57 8 273 85 21 8 18 21 283 44
76 1 10 8 247 2 18 4 18 22 163 42
15 2 25 12 104 23 28 7 37 18 303 66
50 2 7 11 249 31 59 2 5 8 283 55
52 2 27 3 416 125 54 4 31 9 246 52
35 2 28 2 98 16 28 3 5 6 126 3
29 2 20 15 277 88 35 10 21 22 278 55
39 24 59 10 327 73 19 6 77 8 257 48
15 1 16 1 207 3 47 18 17 17 300 67
17 17 16 16 105 14 53 3 42 18 59 18
42 24 27 10 340 59 40 7 4 8 214 59
23 4 53 6 319 55 16 8 29 4 18 5
69 11 24 10 321 3 74 5 5 16 289 60
39 8 7 21 334 66 35 10 14 16 328 44
23 3 64 13 219 11 15 1 52 0 404 17
83 1 3 1 81 12 32 2 5 3 243 10
17 7 26 15 29 1 58 3 29 7 359 2
54 6 33 6 146 36 40 10 27 13 240 54
28 4 5 3 98 13 57 23 29 6 32 8
17 1 26 0 254 65 20 1 44 0 48 7
25 1 27 20 406 19 28 5 63 7 354 112
