20 8 37 20 341 67 28 6 34 18 176 4
27 7 19 15 123 5 35 5 38 21 282 47
29 1 54 0 204 9 56 3 2 12 16 4
38 11 11 21 337 2 27 5 19 4 261 39
20 3 23 10 95 26 33 15 29 16 71 15
19 5 20 15 133 18 26 5 19 3 202 32
34 21 44 13 87 14 17 1 69 0 296 34
60 6 11 11 313 78 32 4 31 10 160 21
34 9 33 22 193 48 36 13 12 9 144 17
20 1 70 1 272 56 25 1 30 13 318 41
32 14 32 15 14 3 31 11 17 6 258 17
25 4 6 10 237 54 60 1 25 4 255 59
36 3 3 2 203 25 29 9 18 9 267 83
46 2 8 3 27 1 53 17 32 19 396 109
19 4 22 3 38 3 32 1 3 1 300 97
18 10 17 14 86 6 59 4 2 23 226 71
56 14 33 14 145 8 26 4 10 9 315 14
52 1 33 1 292 82 23 12 29 21 205 16
68 2 23 23 332 90 21 1 43 15 68 11
65 14 3 18 34 9 28 9 2 9 253 71
22 13 11 7 85 5 63 20 3 13 291 80
33 7 40 20 20 1 30 8 58 11 197 62
87 5 8 25 354 51 54 9 33 7 198 20
33 5 55 17 106 4 24 18 7 6 143 14
38 15 20 18 135 22 34 3 31 12 157 32
65 10 33 8 224 66 77 1 15 1 179 40
38 1 22 1 253 57 72 1 24 10 114 11
31 8 15 13 354 9 56 12 17 23 214 27
24 3 27 16 70 8 50 8 18 18 182 5
25 3 26 18 124 19 61 3 19 26 21 5
36 1 48 5 78 8 22 3 37 7 355 27
29 9 46 6 268 40 21 16 17 13 130 14
34 3 26 16 356 108 75 2 10 16 11 2
75 8 2 18 358 28 35 14 22 20 61 2
63 11 11 16 369 21 33 5 21 3 311 16
49 2 44 22 297 42 72 1 5 0 172 41
37 15 55 14 264 32 19 13 75 5 226 38
29 15 51 21 374 11 52 1 12 14 31 9
24 1 67 8 258 51 35 7 28 20 18 2
36 9 44 9 357 84 43 1 6 0 380 98
