23 1 56 1 61 1 67 10 25 4 265 22
24 7 70 19 180 53 28 1 4 21 353 18
17 12 13 12 304 89 15 20 15 15 250 6
17 4 20 4 385 16 42 7 10 10 270 82
22 11 13 4 44 7 30 10 11 8 371 56
25 4 19 15 162 36 74 2 13 9 58 5
39 14 16 5 51 11 57 1 33 1 113 5
16 1 14 0 133 41 17 21 47 6 103 2
72 14 18 7 251 15 25 13 73 5 74 18
51 1 9 1 360 85 42 6 17 13 163 1
44 17 48 13 129 3 16 2 57 10 255 60
30 2 18 3 85 9 26 16 14 8 367 56
28 2 6 4 212 43 21 15 36 16 69 16
56 1 13 1 59 18 41 5 6 9 116 31
27 7 23 12 328 45 27 9 6 16 97 2
74 11 25 10 70 3 43 2 4 6 199 6
18 1 69 5 360 67 28 15 33 11 115 37
50 4 17 3 206 51 33 18 63 6 321 78
26 1 53 1 354 54 35 1 9 1 271 41
47 13 25 12 320 73 32 10 10 9 117 30
50 16 42 16 212 18 61 3 19 9 80 24
47 1 34 1 14 1 45 2 45 13 129 38
31 6 19 5 293 94 33 6 13 18 344 2
88 5 3 3 355 54 40 3 57 17 309 22
23 1 36 5 324 87 16 8 25 12 271 9
19 15 50 22 29 7 63 8 9 11 296 53
54 13 45 10 206 58 37 7 37 15 182 17
28 10 58 6 250 54 25 22 38 11 158 15
35 21 42 13 165 25 84 2 10 13 94 27
29 7 18 17 205 56 27 2 25 3 171 41
32 26 28 7 274 29 23 4 13 8 33 2
73 5 26 3 10 2 24 5 6 13 117 5
48 2 24 20 18 2 28 1 5 1 103 29
91 1 3 0 34 2 72 1 3 3 93 13
36 6 26 26 211 16 53 3 28 6 339 88
20 4 28 17 258 46 41 1 53 1 275 57
30 2 14 14 119 11 23 1 29 0 360 59
39 14 2 11 47 11 33 6 20 18 352 103
32 17 4 10 216 7 58 6 22 11 283 45
