20 1 25 5 90 3 28 5 56 17 191 37
25 17 12 18 129 35 18 12 45 5 88 8
42 17 21 5 111 29 42 3 29 8 203 54
69 1 25 6 323 96 43 19 17 16 337 23
33 7 8 7 211 55 26 11 45 12 17 4
56 15 19 16 185 50 28 3 11 15 261 63
63 5 16 15 94 18 34 11 9 8 91 13
52 7 30 14 152 35 26 1 6 2 20 3
80 2 6 2 316 39 47 11 20 11 100 22
35 7 28 10 96 27 23 4 32 5 92 2
15 19 60 12 225 12 28 9 6 12 297 46
16 6 36 24 298 59 22 8 28 13 162 16
23 2 19 3 368 35 57 1 23 0 285 32
16 1 26 0 201 36 48 3 5 19 238 61
22 3 28 16 146 2 32 1 43 2 240 41
64 5 14 4 340 109 30 5 49 9 326 29
29 2 70 13 366 57 20 2 61 3 293 34
30 13 2 15 315 75 32 10 23 6 204 61
19 3 31 4 166 23 39 3 27 6 38 10
34 4 18 5 344 86 17 4 36 24 174 23
18 16 68 17 341 78 43 1 40 2 148 47
62 14 36 11 73 18 32 4 14 22 296 30
54 9 32 9 330 106 19 1 61 0 312 64
32 1 25 0 155 25 41 5 2 25 64 7
23 20 26 9 78 24 49 18 3 20 95 26
23 1 41 1 260 54 48 2 49 5 97 29
62 8 13 10 243 27 92 1 2 12 100 14
27 1 13 0 371 88 31 4 49 20 107 4
38 10 48 25 140 28 72 4 17 4 99 18
64 2 7 23 263 69 27 21 31 11 48 10
23 5 43 6 14 1 17 2 55 3 120 7
21 16 11 20 323 78 30 1 53 16 203 54
95 5 2 3 332 86 30 16 52 20 324 89
79 7 12 13 200 44 59 4 13 6 355 103
61 1 24 10 242 47 21 4 16 6 219 70
39 18 14 10 88 14 29 20 33 6 56 9
31 2 22 4 163 12 38 14 11 16 104 17
34 11 41 14 342 64 28 8 5 15 331 46
