32 1 16 2 84 20 16 9 69 23 116 12
57 3 6 10 310 23 21 5 27 17 363 88
42 21 43 16 343 77 39 1 34 10 262 42
42 2 44 8 357 39 72 7 17 24 219 51
32 9 11 16 250 82 48 18 12 6 93 13
15 17 62 5 147 31 24 14 50 7 314 11
25 2 8 23 367 5 35 4 42 3 222 41
28 2 13 8 312 96 29 2 35 6 353 79
45 3 43 10 59 3 20 2 62 14 51 15
39 2 56 10 361 77 18 4 12 12 105 24
30 13 29 15 337 3 42 3 30 2 350 111
33 4 39 15 393 45 30 10 8 16 31 4
31 7 27 8 230 6 17 13 37 18 327 8
35 13 32 18 237 67 34 5 10 15 357 102
37 3 17 13 85 7 25 2 51 18 289 71
43 7 30 17 344 29 76 5 15 9 278 83
22 5 42 7 254 48 52 3 32 4 287 55
31 19 2 14 107 14 62 1 5 1 314 77
35 8 48 20 118 17 37 20 32 11 127 3
47 10 33 24 313 88 38 1 27 4 346 93
28 14 15 5 287 86 42 2 21 11 362 101
48 3 47 4 283 39 26 1 22 2 398 89
51 14 9 14 213 13 37 3 57 11 63 18
22 17 38 18 177 41 66 14 19 23 13 2
48 6 43 13 379 59 43 5 56 24 166 54
44 5 4 18 79 11 25 3 11 10 339 50
20 2 17 23 317 83 35 6 27 11 34 10
17 1 25 5 92 3 15 4 36 8 218 20
43 1 16 25 276 26 83 4 11 14 282 51
24 7 25 3 218 33 37 10 3 18 270 25
26 2 11 6 325 80 32 2 21 23 365 105
53 2 21 7 342 22 21 13 15 22 407 54
21 2 34 5 340 87 24 18 17 20 38 11
42 20 16 9 87 15 47 8 2 6 325 34
43 17 2 5 330 101 24 6 19 6 120 13
65 6 3 8 226 54 22 1 51 23 261 42
67 12 11 19 87 12 59 6 35 22 46 6
21 3 21 22 181 27 19 4 11 10 178 36
73 1 4 4 187 42 25 9 53 23 37 4
30 2 18 6 78 3 29 11 31 6 73 10
35 12 44 12 326 38 47 12 43 16 305 65
