31 3 35 6 265 76 16 15 15 16 339 41
45 3 19 11 202 43 16 5 35 6 166 53
15 1 20 15 298 37 42 16 44 5 191 32
37 13 47 23 34 1 21 1 27 1 310 3
25 6 5 22 332 82 53 7 4 9 273 16
26 25 11 10 44 7 26 5 56 23 228 23
85 9 2 7 247 23 35 16 6 5 133 39
37 1 13 0 416 20 46 16 8 13 354 68
47 16 50 13 205 15 26 1 69 0 322 13
19 7 73 14 16 1 35 1 60 18 21 1
25 4 14 8 355 69 52 3 10 9 344 24
41 11 37 20 80 9 31 8 32 17 186 43
20 20 55 9 219 48 17 7 22 12 271 73
32 1 22 13 314 96 33 16 48 13 21 3
61 1 19 2 178 32 15 1 20 5 305 12
59 1 5 9 389 62 35 7 8 10 298 57
35 12 2 12 324 55 59 5 2 13 212 27
63 11 3 19 295 94 51 1 21 2 370 113
19 1 11 21 197 56 43 2 49 2 385 13
32 12 66 9 275 20 31 3 47 4 411 63
19 9 23 6 46 12 56 11 31 22 98 29
27 3 39 15 59 7 54 9 7 13 129 19
59 12 30 14 99 26 73 20 8 9 190 23
56 21 31 15 114 3 15 1 56 2 267 48
41 8 8 10 157 20 15 5 41 13 372 32
80 1 7 1 337 103 61 8 10 11 213 65
43 1 9 0 382 65 92 7 2 17 416 9
18 1 17 3 200 59 46 14 11 16 136 41
35 6 13 12 354 57 59 4 9 6 407 110
25 16 10 10 124 31 70 11 25 20 191 20
26 3 63 4 405 82 15 3 18 2 123 29
40 5 14 14 177 56 58 1 19 0 135 43
16 4 42 4 259 44 16 12 24 7 30 9
41 4 2 20 96 19 65 1 15 5 260 82
49 1 41 1 387 27 22 2 18 6 349 111
78 9 7 25 359 118 31 3 20 14 206 28
48 12 39 5 93 5 29 4 60 11 135 28
56 8 5 8 77 16 23 6 42 14 44 6
27 4 50 24 226 66 30 9 19 16 361 14
37 1 38 10 180 27 32 1 65 0 102 10
37 16 46 8 62 10 30 1 8 2 366 54
68 10 20 6 263 30 23 4 20 3 97 28
