64 50 72 69
33 92 37 93
52 63 49 50
83 83 85 82
59 44 60 43
80 41 85 87
82 93 87 71
32 55 25 93
48 35 28 69
61 59 95 85
84 52 31 62
63 88 91 38
35 43 66 76
64 27 32 61
80 82 66 23
91 39 29 26
96 46 50 26
84 21 71 51
53 79 66 64
79 71 62 79
80 99 89 93
71 67 82 100
57 58 59 67
83 76 51 56
74 41 56 54
84 67 85 59
18 29 88 64
60 58 76 61
93 73 69 55
79 73 62 72
35 63 57 60
46 32 56 40
66 52 52 54
55 57 75 83
62 70 50 38
46 33 21 40
40 41 16 62
51 53 28 37
84 89 88 18
68 29 53 61
43 75 75 38
99 49 79 71
