51 6 12 9 308 8 17 12 27 9 147 26
27 2 59 2 154 40 43 3 28 23 86 14
30 12 15 9 218 69 41 1 26 7 197 24
30 1 20 4 388 57 44 5 9 15 299 65
26 17 16 15 299 35 30 13 34 23 120 18
47 4 2 3 275 13 66 10 7 14 346 8
21 9 19 14 360 108 32 6 24 14 99 8
66 6 26 20 133 38 42 3 26 5 333 30
32 3 9 18 207 34 41 1 36 1 317 1
29 15 4 13 358 92 17 1 75 0 144 4
41 4 50 3 112 33 28 3 8 19 20 3
20 1 19 20 24 7 73 7 3 3 35 10
16 5 45 3 256 82 15 20 15 9 70 20
38 3 18 23 68 17 32 1 39 4 89 28
22 1 22 1 237 75 19 5 42 15 338 64
79 17 7 12 179 32 26 10 10 20 274 46
26 13 18 12 261 64 47 2 46 7 231 76
32 5 8 25 13 3 28 4 54 16 91 28
86 7 3 19 243 27 18 1 79 5 21 4
75 11 16 19 386 27 38 8 48 4 140 37
79 11 20 16 221 47 34 1 23 4 96 4
23 13 52 13 376 19 16 23 35 9 256 17
40 1 48 1 18 3 28 14 14 7 286 31
64 13 14 13 150 17 41 6 44 12 40 2
17 13 62 5 255 27 23 10 37 9 130 38
34 7 16 18 26 7 19 1 69 0 98 27
48 1 11 2 225 23 27 4 34 5 252 58
28 1 25 1 92 26 77 7 2 5 243 31
26 8 29 18 362 60 72 2 10 2 15 4
48 10 14 11 180 39 35 5 55 15 106 7
23 2 21 20 360 78 29 13 14 15 317 66
60 8 39 20 42 13 19 4 25 17 197 17
71 11 25 8 224 7 73 22 16 6 101 15
33 6 45 18 95 15 26 1 54 1 281 63
34 4 10 4 12 1 24 7 18 3 77 9
36 7 30 22 134 26 30 4 60 6 346 57
75 7 9 8 86 10 30 4 46 13 274 35
52 2 3 7 208 31 50 9 29 7 279 92
28 9 29 21 19 2 65 2 10 3 127 33
