21 8 12 11 164 53 22 5 53 3 91 16
36 1 8 0 163 49 34 8 62 11 247 75
38 6 55 24 160 41 59 3 12 2 297 53
66 8 12 10 239 10 46 7 31 26 354 48
18 18 68 14 379 28 60 2 18 2 201 48
50 12 21 7 41 9 39 3 42 5 121 35
15 2 29 2 31 6 21 7 63 8 74 17
17 2 22 2 82 17 18 14 25 9 142 30
20 17 38 18 118 25 29 7 7 5 406 118
85 3 6 16 365 9 38 1 56 2 125 12
36 22 3 9 334 87 41 6 17 13 380 42
35 17 55 12 394 106 47 16 51 8 62 3
20 1 24 26 298 71 47 12 42 14 242 52
26 1 44 3 250 15 39 15 3 18 66 13
15 12 22 9 178 26 24 13 18 12 309 78
17 4 27 5 379 100 16 2 19 11 367 14
16 2 54 3 347 19 49 6 11 13 397 34
42 3 46 7 159 14 30 15 29 21 248 41
25 1 8 1 377 81 64 2 27 2 258 71
26 1 45 0 385 23 22 3 43 11 57 3
55 4 41 11 98 23 17 1 45 4 371 66
28 15 22 11 409 51 44 1 22 3 113 35
28 15 21 21 407 70 65 7 7 24 371 7
15 8 20 19 188 6 46 8 13 11 342 110
36 15 19 21 225 23 21 13 38 9 155 23
31 7 37 7 62 9 77 10 13 12 177 52
15 8 15 23 274 46 72 11 12 10 283 14
66 1 30 0 28 7 24 3 16 14 280 58
31 3 59 9 343 4 30 5 47 22 412 67
20 1 23 6 419 57 74 5 24 7 391 92
54 6 14 3 215 22 59 6 9 16 321 105
42 11 27 4 231 8 18 9 33 7 95 29
64 8 18 10 415 66 19 1 59 1 279 45
20 1 60 3 293 27 16 3 22 12 404 49
42 8 56 21 160 31 28 1 5 14 246 18
65 18 2 10 272 26 45 19 2 11 32 7
61 11 29 12 74 21 21 19 59 16 378 123
30 19 25 11 348 36 17 3 17 2 108 26
32 13 3 17 345 105 27 8 12 19 321 43
53 8 10 8 295 25 26 15 65 16 80 6
86 1 13 15 161 6 29 3 6 14 227 44
66 11 15 20 137 3 42 13 36 13 222 20
