27 12 17 7 305 89 55 2 31 26 126 21
33 3 33 5 191 6 30 15 49 13 38 10
36 3 14 7 12 2 20 9 14 9 186 14
18 13 38 20 151 19 37 4 51 10 142 43
21 17 27 12 211 58 19 12 39 20 231 37
29 5 2 13 102 22 32 8 11 8 47 1
29 15 39 9 168 47 21 3 49 5 267 27
40 3 33 7 281 12 22 3 9 2 17 2
21 4 46 20 328 12 84 5 5 3 64 14
34 15 33 22 33 1 28 7 12 16 242 40
64 1 14 0 393 56 38 1 10 5 242 60
47 5 16 13 279 13 50 3 24 10 260 66
18 1 19 0 162 22 16 9 24 17 167 7
38 12 48 18 29 1 53 1 45 2 111 24
21 1 73 4 201 12 19 11 14 16 212 47
42 4 5 8 18 2 45 2 17 3 60 18
53 9 21 9 152 16 50 1 2 1 90 13
26 4 5 3 137 12 23 8 45 18 23 4
49 1 44 11 238 30 26 8 14 8 300 69
44 15 44 9 307 44 82 4 11 8 24 4
68 16 21 5 169 39 61 13 38 17 209 20
74 4 21 4 312 41 28 1 29 1 107 24
20 1 55 1 359 105 32 20 23 6 408 110
43 4 45 3 409 91 37 15 27 13 407 102
34 5 30 7 315 60 30 3 4 23 267 88
18 2 17 6 399 121 39 5 6 7 297 67
23 3 53 2 293 41 18 1 13 16 224 47
24 16 53 10 215 15 36 1 37 2 165 1
38 9 2 15 158 36 20 11 63 6 264 72
37 16 12 17 74 5 17 1 24 4 369 61
19 11 25 21 144 15 51 26 22 7 244 23
21 15 31 9 110 11 60 4 3 19 321 92
30 2 62 8 75 9 22 1 29 1 58 14
20 11 14 10 339 37 84 4 6 21 359 62
15 1 22 4 171 31 40 20 24 13 276 19
83 23 9 6 407 120 25 4 27 4 413 38
16 2 64 14 293 11 17 6 18 9 158 21
49 8 49 8 409 130 28 6 5 9 57 9
50 6 9 15 402 93 20 6 12 8 140 19
46 1 27 1 33 3 25 3 44 5 285 37
27 2 16 16 419 88 81 4 14 3 303 29
20 7 12 17 368 59 57 1 12 0 185 35
