19 12 62 13 374 51 24 6 61 8 82 7
78 15 12 14 23 5 23 5 15 21 110 17
38 4 2 11 108 25 69 2 27 5 359 25
70 9 22 16 194 46 35 5 46 10 267 58
43 12 26 17 12 3 76 12 3 20 170 21
16 7 77 5 345 111 22 6 53 9 154 49
15 1 38 25 285 70 33 13 59 21 234 17
24 1 15 7 68 8 17 1 77 1 158 29
20 18 29 12 101 30 49 5 12 4 64 5
68 11 16 11 118 25 77 16 6 12 215 16
39 8 16 25 331 59 23 4 14 23 268 18
25 1 26 20 76 12 39 13 21 22 25 4
74 3 16 8 292 44 28 3 41 5 369 64
28 3 7 23 279 28 51 1 13 0 54 12
17 3 15 18 220 54 55 2 13 26 304 21
16 1 14 0 153 36 31 11 42 23 216 21
33 1 32 0 33 5 79 1 11 1 101 19
25 2 43 4 296 44 77 1 6 2 245 69
16 5 17 15 205 3 15 3 17 2 81 21
69 6 20 8 382 36 17 3 71 2 258 7
25 1 17 0 333 46 87 3 11 2 292 16
21 1 11 1 93 23 80 3 14 4 76 7
40 8 15 24 63 6 21 5 52 17 382 106
30 21 42 16 238 29 68 2 17 20 380 24
73 4 6 13 364 95 16 7 42 3 89 19
19 13 17 16 184 2 27 1 45 1 259 52
17 5 21 12 193 48 53 14 18 12 293 94
16 15 21 18 87 1 28 4 32 10 10 1
20 10 15 12 379 19 65 1 28 7 184 57
44 8 35 12 45 14 17 8 27 22 345 97
17 1 45 0 154 11 25 7 44 13 267 6
20 12 27 23 168 36 54 2 30 15 162 53
56 9 6 6 332 52 54 2 17 15 24 3
36 16 4 19 237 9 29 4 5 3 311 80
31 3 11 25 162 30 16 10 14 16 277 72
61 7 33 7 53 14 23 9 64 14 344 105
65 2 9 7 319 80 93 6 6 11 331 60
82 2 10 2 108 25 25 24 43 12 129 12
19 18 41 6 18 3 66 4 6 5 178 31
