87 7 9 16 43 10 47 3 19 20 87 19
38 12 20 14 374 30 35 6 50 12 199 3
39 2 21 9 302 27 31 3 2 15 109 14
21 1 42 5 139 39 37 2 14 3 23 2
47 15 46 11 226 57 35 6 6 11 381 83
21 4 35 20 73 13 82 6 2 18 145 16
18 11 19 4 342 33 26 1 16 1 154 1
17 6 49 5 116 6 65 4 19 15 31 6
42 9 17 16 93 24 67 2 12 7 133 39
85 1 4 19 227 9 32 6 11 13 292 86
93 2 4 4 236 41 73 14 6 19 203 64
38 3 4 2 105 9 37 4 31 17 93 11
81 3 15 10 321 84 74 2 23 25 231 62
23 1 22 0 38 3 27 1 55 1 56 8
26 9 9 10 265 64 35 5 8 6 275 49
21 1 11 21 337 101 34 6 36 8 271 89
25 5 10 13 351 78 24 9 17 7 152 41
21 2 59 6 240 58 22 14 23 15 48 10
43 6 55 12 110 35 21 6 28 5 260 54
38 1 2 5 200 60 24 13 44 10 192 43
18 15 79 21 41 9 36 20 31 15 281 29
54 10 26 21 359 108 37 2 45 14 352 1
22 26 39 7 279 46 34 2 17 9 113 14
30 1 3 1 201 45 27 7 13 3 366 82
16 6 38 9 191 10 58 13 10 23 96 2
36 2 62 3 320 21 92 3 7 12 159 48
24 12 23 18 44 2 30 1 3 18 284 6
18 20 40 6 238 72 44 9 12 15 112 10
26 2 27 5 195 28 34 3 50 6 341 96
16 3 81 19 47 12 32 1 2 4 32 3
63 13 3 12 277 16 33 7 18 7 46 4
38 11 21 8 345 20 65 2 10 22 185 24
37 5 54 19 14 2 40 10 55 8 374 111
70 10 20 21 93 10 26 7 21 5 32 7
43 14 50 7 32 1 51 8 27 17 321 27
54 3 31 2 48 14 33 3 16 6 103 15
26 21 6 9 341 45 34 2 35 16 409 16
17 3 39 2 52 8 31 14 63 21 359 5
17 4 52 22 65 16 19 1 47 0 224 72
42 13 53 7 49 8 48 15 40 9 132 22
31 5 16 3 180 17 71 3 21 9 399 125
