23 2 39 2 291 47 41 1 38 0 240 70
67 14 6 16 382 60 62 11 13 21 366 78
48 3 40 2 118 37 48 2 19 3 257 8
27 2 3 4 386 104 31 1 15 9 230 44
31 3 38 14 380 11 51 2 10 6 259 13
22 7 15 3 141 29 32 2 40 20 399 13
16 8 28 16 300 13 27 3 12 7 341 73
22 1 26 17 16 2 60 20 19 15 326 95
72 1 8 19 214 61 16 1 28 16 258 8
25 2 61 2 256 51 19 1 55 21 377 48
17 16 73 10 364 68 24 11 11 20 230 73
49 4 20 4 305 84 36 5 44 3 115 10
47 21 32 9 253 43 19 1 30 8 36 7
32 6 17 20 348 110 33 3 44 6 334 51
43 1 4 4 271 25 25 1 55 0 321 2
45 1 14 23 11 1 72 12 8 5 220 61
23 2 76 3 26 2 74 10 9 6 34 8
56 8 41 11 346 36 42 23 16 9 269 69
21 10 17 14 311 81 26 9 26 20 81 11
67 13 30 15 87 16 53 16 21 13 344 77
20 1 30 3 190 34 39 4 42 5 385 78
34 11 15 8 245 16 25 11 6 4 46 3
27 4 9 10 316 76 22 17 16 8 16 1
28 2 61 20 236 29 49 1 15 1 329 12
43 8 11 23 201 46 30 1 2 0 208 21
29 16 22 5 29 3 37 2 4 3 101 31
38 3 14 4 135 44 51 17 30 12 95 1
76 8 4 4 208 66 76 3 6 25 133 28
24 6 11 5 94 28 19 1 20 26 134 27
19 17 74 13 338 27 23 6 11 25 63 9
20 4 42 3 292 10 36 2 6 16 21 3
16 1 67 4 358 32 33 5 41 14 288 39
47 9 3 13 167 21 86 12 4 14 225 36
22 6 17 5 381 75 29 15 25 20 289 40
66 15 28 5 159 37 53 5 25 3 122 31
20 2 28 8 274 69 15 3 15 12 344 34
63 1 25 1 334 65 44 4 22 20 34 4
19 1 19 2 348 15 28 10 13 9 49 3
80 15 14 8 291 12 33 6 35 18 314 6
31 23 2 12 15 4 61 3 5 6 140 42
35 3 19 11 160 40 29 7 47 22 111 1
