41 11 36 4 408 46 20 16 57 5 127 3
77 1 16 16 364 120 96 5 2 8 183 9
27 3 33 5 334 89 26 15 15 21 292 73
15 15 41 11 327 16 60 21 4 13 358 59
67 14 6 14 191 19 82 1 9 8 242 30
67 14 12 11 86 21 45 1 7 1 144 37
67 2 22 23 61 16 33 6 3 18 262 36
22 2 15 14 360 11 17 1 22 1 200 52
16 18 48 12 81 20 44 16 21 5 184 15
19 2 43 3 25 3 22 14 11 14 285 84
63 19 16 8 382 62 23 19 11 17 245 56
57 21 23 13 133 4 28 2 37 4 280 17
20 14 49 12 60 19 16 18 75 12 119 17
18 2 24 26 293 80 24 2 65 2 42 2
38 17 30 8 165 23 39 3 27 10 254 30
32 4 44 13 88 20 16 1 30 6 306 99
32 1 5 10 311 94 28 4 3 12 45 6
45 14 32 11 352 86 41 2 6 2 270 30
22 15 33 8 383 66 63 4 30 8 67 20
33 1 2 13 336 5 18 19 81 6 95 8
32 7 17 24 25 3 17 5 15 16 292 19
19 1 63 1 155 13 26 2 31 3 42 1
26 11 5 16 282 59 43 4 16 18 198 1
27 16 14 16 367 121 50 21 5 6 107 20
35 3 22 18 53 1 21 11 26 16 29 7
54 1 28 0 225 3 43 6 2 10 40 3
83 1 3 2 329 7 50 6 2 9 134 4
18 4 65 22 275 1 28 8 6 4 286 41
34 18 11 17 18 5 46 1 21 0 205 32
21 7 16 10 32 2 26 6 32 6 127 22
21 1 57 9 251 65 44 5 11 17 256 50
16 4 20 14 395 27 34 1 4 3 378 60
18 5 13 22 380 74 23 3 14 16 40 8
19 3 21 5 120 33 37 3 26 22 334 57
32 1 4 18 154 18 62 15 10 13 81 5
16 2 14 23 297 63 38 14 4 5 173 49
38 1 2 1 182 52 25 15 35 17 272 81
15 6 43 8 29 8 72 11 2 6 108 12
62 4 34 19 358 30 39 11 40 19 44 9
57 1 38 3 147 16 30 1 5 1 281 34
32 4 4 8 300 73 34 17 25 13 23 4
