34 2 14 16 24 4 15 18 15 12 301 93
23 12 21 19 44 8 18 7 44 5 355 103
52 3 7 7 377 12 40 2 2 11 71 17
27 1 52 21 272 49 38 2 52 4 227 40
39 22 9 15 73 3 85 8 7 7 23 1
68 6 5 21 365 35 43 1 2 5 242 35
51 6 22 5 33 6 40 1 23 5 358 10
82 9 15 6 343 45 44 2 12 4 157 27
54 2 19 15 38 3 28 20 3 11 299 74
19 2 24 18 104 14 46 1 14 10 377 2
61 1 36 0 321 2 19 4 26 18 264 57
62 9 30 25 78 19 52 11 12 16 201 5
58 2 22 4 186 55 18 3 67 10 65 7
28 8 5 10 93 11 48 14 47 19 334 61
58 7 9 3 134 42 20 1 28 0 290 91
53 4 21 17 83 2 67 4 19 3 316 72
40 7 40 12 31 8 31 2 40 13 69 6
28 10 7 9 185 5 80 1 18 2 192 27
46 3 33 18 11 2 52 2 10 4 372 12
40 1 51 1 75 18 37 7 16 8 174 23
41 5 46 7 369 44 35 7 4 13 16 1
19 4 68 6 29 4 20 1 13 1 323 51
57 3 22 2 186 49 17 4 60 11 344 35
52 3 7 20 186 47 23 2 45 21 195 44
32 4 15 9 325 81 86 1 7 1 323 37
22 2 60 18 214 43 74 13 4 9 50 2
16 4 63 19 46 8 23 5 16 18 353 114
64 7 32 7 334 62 49 1 8 21 53 11
58 3 16 24 27 6 24 15 7 9 381 67
25 11 10 6 337 33 41 16 38 13 261 39
34 12 35 21 81 9 78 17 4 10 176 27
27 2 22 5 104 2 46 3 8 4 371 115
15 3 35 9 138 36 45 18 2 14 52 14
27 9 31 24 221 26 28 1 17 1 138 44
27 16 51 17 18 4 51 8 10 7 133 1
42 6 39 6 190 59 81 20 11 16 16 3
17 1 19 18 100 6 42 10 18 22 273 24
36 5 41 7 357 70 30 4 11 9 166 16
16 1 79 6 315 104 30 2 49 18 160 19
