30 4 33 11 100 26 18 3 62 16 60 7
20 3 61 12 47 7 36 2 30 5 192 42
71 9 27 7 68 11 28 8 5 17 149 29
41 14 28 15 396 37 40 3 23 18 256 33
26 3 11 21 65 20 17 1 20 11 309 96
62 3 16 17 118 15 46 2 21 2 214 18
39 12 19 10 157 43 35 8 2 4 44 11
62 13 31 9 117 38 53 17 38 13 310 22
39 5 42 16 132 3 42 17 30 13 355 90
56 16 40 20 269 13 27 4 12 5 227 54
36 1 41 2 199 46 58 1 7 0 119 36
67 10 6 6 166 12 26 1 68 0 344 33
52 12 10 23 12 2 32 10 39 9 244 22
59 4 17 5 233 35 38 1 19 1 327 57
31 12 55 23 275 84 29 13 66 22 76 4
23 13 39 16 288 5 26 2 17 7 252 5
23 9 35 16 18 5 48 20 19 16 129 26
91 1 3 21 343 36 54 5 43 20 341 76
56 12 3 14 150 42 15 1 17 2 115 17
24 12 38 14 332 30 37 1 4 10 350 15
30 1 22 13 255 23 20 5 28 12 153 24
16 17 25 10 113 13 32 9 31 7 348 45
76 3 9 4 321 31 46 9 9 4 191 33
42 8 39 7 115 28 60 17 16 18 105 11
64 10 25 8 323 27 24 16 45 20 210 50
53 1 14 23 41 3 25 1 49 0 379 55
59 1 9 1 53 6 52 19 24 11 19 3
22 14 49 15 91 13 32 8 15 12 376 113
64 9 12 9 75 18 18 16 20 8 83 26
19 5 12 8 404 88 73 5 5 8 124 13
49 8 20 6 40 10 19 2 21 4 274 86
17 9 49 7 164 44 16 18 19 14 92 16
25 1 21 5 99 11 73 18 14 6 70 4
36 14 2 23 139 11 30 8 23 15 159 25
31 7 3 8 402 29 18 18 76 10 389 64
15 12 29 16 378 70 53 7 29 7 124 34
39 8 36 12 253 83 58 13 3 18 21 3
50 4 28 24 20 2 37 2 19 2 44 1
43 6 21 21 320 84 44 4 36 6 15 3
17 14 39 19 185 45 32 17 60 5 404 101
27 13 16 13 201 44 73 8 25 16 52 8
19 9 66 15 15 1 58 2 12 8 252 27
