81 69 92 67
57 85 51 65
43 38 31 52
20 44 43 61
80 65 78 68
91 50 81 82
39 39 59 42
76 39 21 56
73 39 82 70
69 98 66 69
44 37 24 78
63 47 94 46
49 41 84 44
54 69 51 66
54 71 27 84
83 72 30 96
80 62 73 71
19 100 70 41
36 38 83 100
62 60 61 72
17 70 79 23
66 55 61 66
49 66 90 67
67 59 44 61
60 64 33 64
74 75 84 93
95 91 50 24
78 81 78 70
62 29 47 34
29 15 31 63
81 82 99 80
88 60 55 45
51 51 91 58
46 68 54 38
44 90 29 45
57 88 78 85
95 87 83 44
90 67 85 90
56 55 64 70
48 92 89 83
78 56 74 51
87 67 46 64
