51 1 36 0 13 3 33 1 14 1 309 26
46 15 6 11 60 14 61 9 29 25 244 56
35 3 9 2 243 80 29 13 27 7 130 25
28 4 42 8 225 27 36 4 57 5 202 26
42 9 41 12 266 16 36 1 47 0 240 21
17 8 16 4 76 5 49 4 5 20 316 38
60 8 10 7 340 12 77 1 4 22 110 32
63 1 9 1 346 12 23 5 57 18 380 15
20 15 74 8 254 61 37 12 25 10 368 16
34 1 25 2 196 18 32 5 67 6 272 50
41 2 6 3 196 9 61 6 9 18 114 19
27 3 5 16 110 24 28 5 38 12 194 50
28 16 23 12 236 19 23 7 22 15 360 44
24 5 13 24 73 5 28 3 18 4 241 15
59 2 7 2 293 45 83 2 10 19 38 10
36 4 5 19 120 17 20 9 38 9 110 4
32 3 12 2 239 40 26 15 33 13 387 4
45 4 29 19 316 51 27 18 72 14 95 6
16 8 20 12 162 45 17 2 82 6 270 31
32 10 24 14 114 17 27 8 34 4 68 20
30 4 16 3 48 6 72 4 21 4 70 19
72 10 6 9 125 19 23 11 26 10 347 73
16 21 74 16 148 41 21 9 63 6 284 11
35 5 58 25 82 8 22 15 25 16 322 57
47 4 5 11 328 101 33 15 27 18 15 2
28 2 6 2 295 4 89 11 3 23 285 65
40 5 2 8 194 57 82 6 3 8 245 38
19 3 28 7 86 9 23 11 7 23 163 53
39 1 42 0 143 25 19 5 69 12 84 22
15 16 19 12 32 1 42 1 38 0 294 19
24 4 49 6 146 2 34 5 13 12 398 99
35 4 56 13 22 6 76 5 13 3 90 6
31 4 26 11 27 6 63 9 36 17 284 86
15 5 59 15 352 84 36 3 3 26 106 31
81 11 18 16 120 11 61 10 11 12 355 88
28 20 4 13 48 9 67 17 16 12 351 85
21 1 49 20 339 17 54 4 39 18 76 15
40 16 21 19 320 18 21 3 54 4 334 41
80 10 5 22 25 7 56 15 3 16 114 16
24 5 6 6 311 28 30 15 14 18 166 40
