51 3 44 5 260 62 18 5 55 9 112 34
40 17 53 20 288 80 29 10 52 16 27 3
55 2 5 3 271 59 28 9 68 13 322 100
17 3 59 2 202 19 18 18 28 12 207 18
48 11 39 6 280 67 28 2 18 18 177 28
61 4 20 9 158 23 22 12 17 12 309 3
55 5 33 15 142 9 67 3 18 4 77 21
16 2 18 5 50 8 21 3 50 6 231 48
55 5 4 4 297 54 29 2 47 21 260 68
34 4 25 5 199 2 30 2 10 5 187 26
51 19 39 14 180 37 28 1 36 1 368 36
26 2 32 2 312 74 28 2 30 2 172 36
17 5 22 8 170 23 23 7 22 15 175 19
29 8 5 4 185 29 34 10 44 6 172 28
15 1 51 24 188 21 25 2 30 9 259 45
28 4 4 5 303 51 21 14 36 14 55 17
21 7 10 3 251 80 34 24 4 7 83 18
73 19 19 12 278 90 75 17 20 15 198 2
55 7 2 14 106 2 63 12 36 9 197 48
18 9 45 6 389 66 20 3 28 16 75 24
38 3 14 6 213 62 24 1 24 24 187 9
79 26 4 7 23 1 23 1 21 1 18 3
15 1 69 13 28 5 48 6 35 3 380 100
47 6 7 3 321 28 37 18 54 12 131 7
24 14 38 23 56 13 22 7 73 17 45 3
29 2 39 10 367 101 46 3 18 6 374 102
47 4 22 15 230 55 25 8 23 4 224 9
28 10 23 16 42 13 68 8 20 8 318 76
45 10 7 6 186 49 44 22 31 11 328 20
50 3 22 7 165 19 25 16 43 5 80 7
19 1 37 9 242 57 44 2 20 3 336 37
24 15 19 17 48 12 32 4 3 5 308 71
74 14 16 23 25 1 48 21 14 15 17 1
27 7 27 12 260 47 37 7 29 3 91 18
29 12 58 10 286 30 45 1 12 0 334 32
21 11 21 6 253 33 42 12 29 5 248 27
81 17 2 10 241 36 41 7 8 14 40 6
88 2 3 21 221 16 39 5 16 7 345 77
58 1 17 1 207 61 27 2 12 5 102 20
