15 92 88 64
50 69 36 77
70 19 56 50
79 51 48 18
61 67 74 50
66 71 76 45
82 37 99 63
37 65 53 100
59 48 44 58
74 75 88 85
24 53 75 46
35 82 20 98
64 74 44 81
24 53 54 61
79 47 65 86
45 26 71 74
80 59 33 66
97 92 52 90
48 69 27 64
24 88 26 87
96 67 17 36
95 59 85 64
85 81 81 48
100 95 61 68
62 49 49 32
37 71 59 35
65 94 76 30
59 56 49 44
39 26 37 20
67 65 98 54
84 43 63 67
50 81 85 93
74 66 42 45
75 66 59 71
61 96 52 58
97 71 23 79
31 43 46 26
61 31 38 43
76 79 85 49
67 38 72 71
64 22 17 67
41 58 82 42
