17 1 18 4 36 1 27 2 13 17 375 70
62 3 11 18 228 22 69 4 7 12 158 48
18 5 22 8 324 61 47 5 45 3 239 74
33 1 58 1 37 6 50 3 33 21 360 16
42 1 23 7 176 3 31 7 29 25 334 1
19 1 70 2 306 25 63 1 17 1 296 18
20 6 19 9 58 6 48 2 11 17 298 71
25 2 30 24 16 2 18 2 13 2 292 53
56 1 9 14 233 59 22 3 9 2 329 29
47 8 18 4 153 24 30 1 6 7 134 26
16 21 14 9 49 9 36 10 11 8 237 3
44 23 5 6 346 100 16 5 50 8 361 30
27 17 23 10 382 44 57 7 2 12 71 20
77 14 8 16 254 32 15 23 23 12 265 20
72 1 4 1 255 35 75 8 19 17 193 23
47 20 3 13 372 68 39 5 2 8 59 17
16 4 34 11 301 31 22 3 76 7 122 29
20 2 39 6 271 75 30 13 12 18 63 9
15 4 57 16 156 22 59 2 18 25 207 11
73 17 12 8 251 78 32 5 12 10 92 16
41 2 40 4 298 96 42 3 34 6 238 26
38 7 22 13 355 1 43 10 40 22 281 11
23 15 10 14 242 21 27 18 63 12 303 65
17 6 49 8 69 10 64 9 4 15 379 116
87 4 6 11 135 29 87 4 10 23 63 9
32 7 43 15 346 21 17 15 61 9 89 2
33 6 10 16 375 28 29 1 14 12 188 52
25 1 26 0 46 9 40 2 14 2 205 20
66 2 8 3 120 38 33 2 30 4 129 15
25 6 27 25 94 12 44 1 39 2 211 62
81 11 8 4 211 17 30 1 36 6 293 94
48 18 2 8 336 98 19 8 15 4 31 7
20 8 68 21 171 7 56 12 3 18 15 1
23 9 23 22 394 90 32 7 28 5 131 1
42 17 7 8 384 87 21 4 19 17 42 11
32 3 2 10 194 21 16 20 22 9 193 14
42 10 26 22 69 8 36 8 36 6 188 20
64 10 33 14 150 46 37 11 9 16 260 76
66 12 24 16 352 88 78 1 11 0 300 46
26 4 17 8 19 1 21 5 60 26 64 20
