15 8 23 12 16 2 61 5 14 24 309 79
51 12 10 7 279 12 66 1 16 4 156 34
34 10 26 8 222 2 32 1 5 0 26 4
61 1 28 0 44 9 30 2 30 3 270 88
29 2 16 5 192 39 17 19 45 14 296 83
39 6 43 15 49 15 59 2 27 26 42 9
32 5 28 20 15 2 25 16 22 20 86 10
61 1 30 2 101 16 17 3 26 4 68 9
47 5 36 7 379 18 30 1 22 1 299 52
83 12 3 7 267 31 31 15 23 17 270 28
56 1 7 1 72 16 35 2 3 15 21 5
17 2 29 4 50 12 35 8 3 7 315 41
38 3 43 21 371 119 67 4 4 10 103 25
26 14 4 18 199 43 22 1 65 4 204 2
24 17 25 15 365 60 39 6 52 6 77 15
24 16 11 17 104 13 27 13 12 10 110 19
45 1 39 5 227 53 16 7 15 5 198 17
22 3 60 5 108 33 15 2 51 22 305 32
45 13 15 9 362 103 35 13 41 7 158 46
16 1 24 0 351 40 31 10 9 6 115 19
32 1 5 1 268 79 61 3 8 4 267 66
22 6 18 11 203 3 31 4 10 3 100 32
47 1 25 6 128 14 28 6 21 6 126 31
17 5 56 23 165 13 28 4 10 13 61 18
19 5 11 16 73 21 23 11 10 20 163 22
54 4 33 22 35 8 37 13 15 18 350 67
16 3 36 8 47 8 30 5 46 4 241 26
20 3 40 14 61 8 48 12 29 10 31 6
66 4 20 10 199 34 36 12 23 14 110 27
41 3 10 14 222 62 21 3 17 9 230 8
23 14 18 18 142 33 24 14 55 23 66 12
23 26 41 7 267 36 25 4 46 8 26 7
24 2 6 11 68 12 35 3 60 4 58 10
78 3 19 12 269 2 94 1 5 2 169 55
30 14 15 20 259 27 76 4 19 6 188 47
42 6 10 12 229 59 17 1 15 1 193 44
75 2 9 6 40 7 32 1 56 7 175 10
23 12 8 16 281 45 61 2 12 9 163 47
