48 4 36 6 263 33 33 22 9 9 188 61
65 15 34 16 285 62 63 5 3 4 409 63
58 10 24 17 57 4 81 9 15 6 47 7
56 4 5 5 402 113 21 5 30 8 47 7
40 14 18 5 111 14 21 22 23 11 413 19
21 13 9 20 162 26 74 6 24 18 101 25
26 1 6 3 41 9 56 3 5 4 227 23
19 7 20 16 300 84 23 1 69 3 397 70
41 13 32 23 390 51 48 3 3 7 58 5
61 23 23 14 249 23 69 9 14 13 365 67
19 7 27 9 52 5 80 1 12 0 391 14
15 16 64 8 368 63 23 1 15 2 419 102
19 14 12 20 126 7 33 1 24 4 38 7
47 1 22 2 257 10 45 1 36 0 213 24
48 1 24 6 288 83 56 2 13 3 69 9
39 11 58 11 392 128 20 23 36 6 64 8
26 5 19 15 128 34 20 8 43 6 186 18
37 17 49 12 67 8 47 1 8 18 42 13
40 14 5 9 83 24 96 5 2 12 206 40
19 1 41 9 376 37 26 2 24 15 269 37
41 1 3 10 390 83 29 6 17 13 134 22
58 1 28 19 286 92 27 20 6 18 42 4
20 4 23 10 189 4 35 5 12 6 325 40
48 18 2 14 219 37 47 1 47 0 146 31
19 5 18 4 92 24 26 11 30 14 67 9
55 2 11 25 214 38 59 14 10 14 381 68
46 16 6 13 303 98 55 19 38 14 37 5
43 15 37 11 74 19 57 20 20 18 123 22
27 11 8 4 12 1 51 1 29 2 191 16
68 7 7 9 329 54 79 14 3 9 283 78
56 1 5 0 185 7 16 7 16 16 67 14
25 23 22 9 330 78 34 8 54 23 197 42
25 5 15 23 181 25 49 7 12 10 182 49
35 2 14 12 32 3 70 4 2 17 362 82
35 8 6 16 260 60 18 3 65 4 87 24
20 16 40 5 346 57 58 2 22 7 279 67
27 7 13 3 195 11 61 14 32 14 32 5
22 2 61 6 69 13 60 6 13 8 183 59
24 5 11 13 73 4 63 3 6 6 15 1
34 1 7 9 172 49 30 7 40 7 155 27
47 7 13 25 235 74 94 6 5 11 280 92
23 19 19 14 14 2 36 8 20 15 224 64
