29 7 29 7 222 31 22 18 17 10 114 34
57 13 2 12 85 18 61 16 8 10 257 58
15 9 50 14 337 39 29 4 54 10 34 3
42 11 42 12 276 90 17 1 25 21 54 14
31 4 6 9 282 72 16 1 62 19 330 97
40 2 24 3 318 35 18 1 32 1 113 36
44 7 46 7 56 9 33 15 48 8 209 28
79 18 20 15 94 2 65 18 13 14 314 42
36 3 45 6 270 73 17 9 37 25 155 18
17 4 15 3 78 15 48 21 4 9 68 17
84 2 12 2 25 4 20 14 20 9 70 11
18 1 23 2 191 32 22 13 8 12 320 11
53 1 39 0 316 1 39 12 15 10 369 91
20 1 57 3 326 50 36 3 6 25 120 29
17 11 68 8 249 72 28 5 42 21 174 47
36 4 19 5 180 35 17 21 20 11 256 77
40 2 33 2 357 74 46 16 37 19 123 19
18 2 14 4 99 26 35 1 56 1 114 8
22 24 38 10 291 19 26 14 70 18 71 16
31 16 22 20 191 25 24 9 40 20 120 17
39 3 27 10 185 35 15 17 28 18 191 39
15 13 43 7 336 77 23 5 13 8 238 44
35 1 24 14 88 8 59 4 39 6 203 31
47 3 49 6 247 6 53 5 3 6 52 12
37 5 48 12 214 2 34 8 39 4 41 2
64 3 7 22 340 98 50 8 10 17 268 70
27 2 45 9 154 49 21 10 20 9 379 28
24 12 7 21 155 31 38 1 31 1 84 23
38 2 43 10 334 72 22 1 62 13 202 44
61 16 36 19 366 18 37 6 46 11 220 25
31 10 17 14 295 79 73 2 6 9 271 37
38 13 9 20 170 54 17 1 53 3 349 42
56 15 4 13 132 11 36 1 5 1 245 45
19 20 75 11 106 11 58 3 23 12 127 31
37 10 11 4 89 2 86 8 6 18 288 77
41 5 24 6 166 44 75 6 2 8 37 6
17 2 50 7 278 81 44 7 11 22 32 8
35 14 45 21 326 26 39 7 19 12 323 38
