25 8 30 19 274 19 28 1 2 24 264 2
36 4 21 20 139 13 23 2 54 19 248 50
27 13 63 9 293 57 26 8 73 25 320 62
86 6 6 21 267 63 31 20 4 13 48 8
24 2 10 8 250 44 22 18 16 20 317 50
27 2 41 11 223 54 16 14 16 23 289 45
20 2 69 2 163 26 94 2 3 6 127 25
37 13 3 9 66 19 18 13 35 16 125 18
16 6 14 6 31 9 28 7 13 16 90 13
44 9 18 12 325 93 26 10 4 8 55 8
66 16 2 13 107 18 36 8 22 17 268 11
18 1 13 4 33 1 25 13 43 9 158 34
40 1 39 0 26 3 28 7 6 13 178 9
37 21 8 13 231 50 45 5 11 4 205 29
59 1 2 0 97 18 31 14 3 19 96 3
15 6 84 23 68 3 67 9 8 22 33 9
23 14 7 15 349 12 74 9 15 23 74 9
26 7 20 8 48 3 81 2 16 2 28 6
15 9 53 22 310 81 23 20 48 18 173 53
78 5 9 6 84 23 46 13 24 16 141 34
74 2 5 12 121 18 38 4 15 10 138 41
36 13 3 20 103 21 32 1 33 4 142 3
51 14 33 16 321 56 62 10 5 11 131 39
21 1 43 2 41 3 47 8 24 7 30 4
51 17 43 13 18 1 31 4 18 6 112 34
17 7 51 24 47 8 50 4 6 4 77 7
30 9 56 9 264 53 32 14 23 18 120 8
17 4 27 6 249 76 71 2 24 2 141 4
23 1 8 19 189 60 34 13 31 21 129 26
62 1 29 0 76 16 47 5 27 8 227 27
91 4 6 4 39 9 15 6 37 9 106 14
15 24 70 10 199 60 16 2 69 4 117 2
27 2 26 9 287 62 39 2 53 2 353 40
19 2 19 3 11 1 86 8 3 11 165 31
39 15 6 22 303 64 71 2 12 2 132 20
53 2 40 26 234 53 20 1 65 0 219 3
18 17 30 13 242 23 26 1 20 0 70 7
22 1 11 2 265 11 53 2 8 11 135 30
