21 12 26 20 282 35 36 1 5 16 290 86
40 3 40 4 233 22 51 3 11 10 180 38
32 24 24 12 208 31 28 4 65 5 210 35
32 11 38 10 25 4 31 2 49 5 237 58
21 6 14 6 221 28 40 13 5 16 158 26
16 1 15 8 96 31 24 18 15 12 90 23
53 1 2 0 144 45 77 11 4 21 361 103
89 2 5 2 223 14 44 4 36 14 259 81
15 12 58 17 72 13 42 2 16 25 228 23
19 5 14 8 88 2 60 11 4 8 305 51
19 3 53 2 330 45 48 4 30 8 152 26
18 3 35 22 220 47 81 12 14 19 395 75
48 9 36 9 62 4 23 2 23 8 147 17
74 2 11 14 278 5 19 4 54 22 270 14
57 2 25 9 135 37 38 2 49 2 307 97
33 1 37 1 200 23 54 6 23 6 279 83
23 2 59 22 247 75 17 8 13 25 39 8
34 6 6 11 29 6 37 5 50 24 217 3
22 2 33 11 407 74 32 3 25 4 105 2
35 7 23 5 58 11 32 3 7 25 218 56
22 5 59 14 23 4 55 20 40 16 323 54
57 20 15 9 172 49 63 10 31 8 216 12
46 1 48 8 108 16 42 3 57 2 407 84
39 13 58 13 24 4 49 1 23 5 193 30
16 1 47 0 306 65 28 2 35 2 289 91
30 11 29 16 134 35 32 2 2 2 391 88
15 3 22 16 37 3 20 1 23 0 381 47
24 7 21 20 285 20 65 12 27 9 403 90
27 6 24 6 318 27 70 15 19 20 305 16
15 6 16 14 210 43 18 3 13 2 323 104
27 13 44 5 343 85 29 13 41 21 57 4
36 1 28 1 45 9 28 7 34 12 391 125
73 8 15 13 80 3 63 7 36 19 11 1
59 4 28 13 91 23 20 4 50 9 215 58
50 5 44 18 236 64 25 14 8 7 147 20
32 5 32 7 305 82 26 7 17 14 236 75
18 15 31 21 191 39 32 10 12 16 191 35
15 12 55 9 130 30 20 2 26 16 185 23
45 2 37 7 179 29 27 4 19 4 103 30
35 7 12 12 340 13 29 1 25 3 386 122
20 3 74 17 163 27 74 18 5 6 251 36
