71 2 3 2 123 1 18 6 57 3 219 22
49 11 13 15 296 11 15 18 55 18 402 10
30 6 22 19 401 110 46 3 13 4 305 58
29 4 53 6 341 81 40 1 15 6 34 1
80 9 3 10 111 5 70 22 21 6 236 12
22 1 8 0 269 2 42 5 26 10 333 61
28 1 6 1 135 9 49 5 18 26 20 1
19 1 37 9 336 33 24 18 37 14 192 23
55 1 8 1 133 25 34 6 18 8 376 96
83 1 7 0 219 62 20 8 14 13 192 60
16 6 15 8 330 57 21 10 46 14 300 81
19 1 14 1 147 3 19 6 33 20 199 27
53 3 23 14 171 26 34 2 33 3 299 81
22 9 42 21 292 56 45 4 52 12 207 11
44 3 52 15 365 115 67 12 5 12 233 50
64 9 26 7 68 7 40 10 35 9 197 45
22 10 13 9 117 25 80 18 10 20 109 2
18 4 61 3 397 118 25 9 23 23 254 21
53 18 26 20 245 28 31 25 7 7 39 10
29 3 9 2 345 47 44 2 9 17 68 12
40 24 29 10 46 2 27 7 54 3 127 18
37 1 37 4 298 38 44 6 12 26 338 6
21 5 37 23 218 1 36 4 18 8 289 20
70 4 16 13 137 2 51 14 41 9 184 33
35 20 20 18 400 109 44 1 41 22 230 32
21 19 77 17 90 27 57 2 24 19 93 16
23 2 23 13 348 78 39 7 13 24 295 14
29 2 43 10 91 9 40 2 33 9 317 56
32 1 59 1 29 3 25 17 57 19 101 31
37 8 19 13 90 1 21 12 55 5 240 68
68 1 13 20 110 8 22 1 15 0 144 41
49 2 9 3 320 48 19 17 78 20 104 10
30 1 46 13 296 41 22 3 28 5 254 73
54 3 26 26 93 11 31 2 62 2 144 7
15 2 38 2 21 1 29 8 2 18 187 1
18 1 38 9 242 33 37 2 15 16 18 2
71 11 26 6 187 56 54 4 8 8 277 69
47 6 10 6 48 5 73 4 12 3 78 23
40 2 3 16 46 11 21 8 14 7 96 20
25 17 15 13 113 6 21 3 68 2 289 34
50 8 18 17 23 1 80 2 5 2 202 56
