19 15 20 22 62 10 26 5 9 16 278 63
37 1 8 17 45 8 22 6 74 8 111 10
58 11 15 14 396 9 22 3 31 2 409 73
31 5 19 10 126 34 65 4 34 8 289 17
53 14 31 9 95 7 52 10 2 4 61 5
26 22 71 11 109 19 66 1 6 0 105 23
39 1 2 1 396 9 35 10 2 18 265 2
17 18 35 18 364 65 31 5 28 16 377 11
29 18 63 17 260 55 40 1 38 1 324 5
22 1 39 1 124 22 39 19 4 19 187 35
21 10 19 4 36 2 33 3 40 2 192 47
47 8 39 18 70 22 31 5 7 8 76 9
30 3 22 4 264 35 49 14 48 19 337 96
71 5 6 9 190 3 87 6 3 12 97 19
54 5 17 15 368 16 17 7 39 15 334 5
29 2 5 24 307 66 24 2 17 26 104 5
26 7 19 13 238 60 47 1 8 2 282 32
50 2 47 9 382 9 86 3 8 16 244 7
20 1 73 20 102 30 68 6 7 18 106 15
19 4 23 22 374 11 92 1 4 1 133 30
44 1 9 1 401 100 73 3 25 2 288 51
17 4 23 11 217 17 28 1 59 0 141 13
33 1 45 9 335 10 72 3 13 26 383 42
20 7 54 12 214 41 34 2 14 3 289 34
33 4 13 6 336 77 40 8 13 13 385 79
67 9 21 24 367 111 24 9 70 10 307 85
37 15 25 21 150 18 21 7 14 8 148 3
23 4 30 5 180 16 47 1 6 0 33 1
35 10 12 12 390 98 68 3 13 15 380 76
21 1 76 12 108 16 27 8 24 10 214 46
77 11 5 6 26 2 86 4 10 12 71 4
95 8 4 6 219 6 42 14 21 18 42 8
32 1 37 2 110 12 41 2 49 2 321 73
77 10 12 8 166 53 50 4 34 20 170 47
18 1 21 3 82 14 24 6 6 18 366 104
30 4 4 10 414 119 28 5 68 6 90 19
67 4 15 26 86 3 53 1 2 0 312 53
26 2 35 2 265 79 31 8 2 10 374 40
38 20 19 6 365 49 43 6 5 19 405 12
18 1 63 0 10 1 27 23 10 14 158 26
52 1 34 1 351 33 91 5 3 12 141 9
27 12 3 10 393 10 40 14 19 7 265 49
