41 20 3 15 256 35 20 1 58 9 283 50
27 8 41 11 341 30 31 3 5 22 339 63
55 12 4 7 51 15 18 5 16 17 22 5
25 5 29 22 125 19 55 10 30 17 188 47
25 5 23 10 37 2 20 5 15 15 53 10
21 3 52 10 80 5 31 16 46 12 43 9
19 1 23 17 269 31 15 6 45 25 357 66
42 2 7 12 12 1 18 10 48 9 132 41
19 1 28 3 107 24 18 13 28 16 260 79
58 3 33 18 224 52 83 4 8 11 406 106
19 3 53 8 246 46 46 1 5 0 218 18
18 1 60 3 36 2 65 1 11 0 24 3
34 2 13 2 244 41 75 6 21 16 300 92
45 8 51 7 28 8 39 20 2 9 329 2
20 1 26 6 157 38 73 18 11 17 275 24
16 19 41 6 88 18 26 7 44 7 308 72
24 3 36 2 251 2 41 18 44 17 106 27
36 15 6 22 371 12 34 13 64 15 51 3
29 2 19 14 113 19 30 2 5 16 337 17
24 4 49 3 37 5 18 18 41 10 389 56
50 12 4 16 237 23 15 13 35 9 112 2
57 12 6 23 383 60 20 1 74 17 189 60
56 2 14 2 212 3 16 5 27 8 322 46
61 11 26 11 50 8 60 4 13 4 267 43
25 17 15 20 224 15 19 1 43 1 321 33
58 4 24 5 134 38 18 2 30 8 71 13
31 7 31 13 16 3 36 3 31 9 349 51
18 9 43 18 23 5 53 22 41 15 273 81
62 3 34 5 269 29 76 2 9 5 307 96
15 4 35 4 197 43 54 12 27 17 365 69
38 5 47 9 50 10 24 3 23 7 302 54
20 8 16 12 87 5 23 1 23 6 53 11
21 6 66 24 76 24 55 2 31 2 14 3
34 1 60 2 164 27 21 14 23 12 375 82
54 4 4 6 42 1 41 14 22 21 52 3
35 3 47 8 345 64 21 6 21 22 147 46
42 2 21 4 396 67 41 2 32 4 344 89
15 11 54 23 200 25 70 1 3 19 45 6
62 19 19 12 373 6 74 1 7 5 145 37
40 13 2 20 400 128 32 5 7 10 344 93
31 4 36 22 36 3 25 6 9 12 209 22
