33 19 50 12 102 9 40 1 9 0 293 89
16 4 26 14 56 17 32 1 40 7 286 21
37 18 22 20 184 53 62 1 2 6 221 50
70 5 8 6 10 1 37 13 30 20 177 3
23 3 44 4 63 7 80 13 10 9 396 113
23 7 16 10 329 73 27 3 4 5 161 4
73 2 14 2 53 3 36 10 21 9 408 50
26 14 72 9 143 12 19 1 18 0 293 86
58 1 28 0 257 69 44 3 40 15 93 4
60 5 33 3 242 73 27 6 4 9 273 61
61 2 10 3 56 16 33 2 22 11 319 8
41 8 47 19 239 25 46 1 20 0 111 8
40 10 10 8 160 8 42 1 42 1 250 60
40 10 49 13 67 1 42 6 17 15 240 71
41 5 3 23 56 6 62 6 30 20 48 2
18 4 16 19 382 98 28 11 11 17 215 33
25 1 64 3 232 57 36 20 29 6 254 20
47 8 19 4 342 91 20 1 32 1 345 101
47 5 11 22 386 103 42 16 22 5 158 49
30 13 3 13 310 57 51 5 22 8 308 65
64 4 11 5 238 50 21 20 19 13 396 43
25 3 17 7 127 31 16 14 28 21 23 3
56 7 42 15 159 43 68 4 29 14 218 44
72 1 21 0 137 31 30 5 8 21 275 12
18 2 50 2 397 63 35 9 29 20 39 7
23 20 16 9 305 14 17 4 49 9 171 11
61 13 13 20 311 16 28 1 39 3 250 70
43 5 10 4 379 88 43 5 10 13 382 72
27 13 3 12 85 6 20 2 25 4 116 5
62 3 27 16 296 1 64 4 8 5 32 1
46 2 20 12 144 14 58 2 35 2 261 19
85 19 10 11 256 48 17 16 77 15 354 97
43 2 13 7 367 73 51 14 3 14 170 4
19 1 80 1 81 2 36 14 32 23 272 44
77 10 12 4 183 30 48 4 49 12 304 20
36 1 36 26 192 21 44 1 5 0 161 19
38 19 2 11 215 45 43 12 7 14 269 58
58 10 9 17 241 49 51 10 38 19 49 12
25 10 28 13 130 13 49 2 12 18 404 67
26 8 11 11 217 7 71 3 26 18 169 37
16 1 59 11 168 40 18 3 27 2 313 99
