62 9 18 14 12 1 48 6 12 5 27 8
69 22 3 6 68 1 66 7 32 7 13 2
47 10 46 8 270 80 49 21 31 11 299 26
26 12 14 16 311 6 46 2 15 26 122 5
47 7 16 9 408 47 30 6 21 5 77 20
71 1 18 7 60 19 18 6 15 13 114 23
18 7 21 8 272 39 32 20 38 9 150 13
69 7 15 17 293 95 64 2 10 5 13 2
72 18 20 14 350 30 32 8 7 16 418 46
24 1 42 1 24 3 15 10 43 16 33 6
56 13 36 16 136 40 67 1 6 1 29 2
19 16 15 13 120 18 73 1 12 3 256 5
18 2 41 24 87 6 15 1 33 2 302 93
29 2 65 15 150 14 36 9 48 10 68 16
52 2 46 9 410 87 20 14 59 14 344 50
40 4 40 23 217 30 22 12 24 23 161 4
29 6 4 20 322 77 17 8 42 16 185 14
60 4 5 24 236 60 22 9 45 10 38 4
41 3 4 21 344 96 29 8 49 16 309 61
48 1 11 15 364 107 47 4 23 6 377 70
79 2 6 3 170 23 46 17 51 19 380 80
54 6 41 10 371 20 32 8 11 12 23 6
38 1 14 2 149 3 42 1 24 1 116 35
33 23 14 6 139 27 49 5 3 8 21 5
32 10 63 9 351 73 27 1 12 13 49 4
17 5 26 14 296 44 15 6 22 3 345 11
29 17 3 15 313 53 19 8 20 8 205 1
21 3 50 4 58 9 53 2 5 13 391 2
76 2 23 2 55 11 45 11 47 8 205 63
58 7 5 18 86 20 20 7 50 15 89 25
15 19 76 12 327 42 37 25 35 7 249 39
23 2 26 4 404 90 17 11 30 16 260 57
34 6 51 13 255 65 35 1 62 0 296 81
74 3 9 16 375 57 38 11 18 22 121 20
32 17 44 13 239 22 82 4 2 6 242 26
33 1 22 0 413 82 35 6 3 10 142 1
36 1 7 0 32 2 48 9 16 13 286 69
49 2 26 11 122 16 24 13 66 16 59 3
23 5 15 25 109 5 51 1 15 0 262 75
69 6 15 3 271 80 56 2 39 13 45 6
58 4 23 4 372 109 28 4 36 3 80 5
43 1 20 5 289 52 50 4 48 8 349 103
