49 2 35 9 164 27 15 4 63 12 295 53
38 10 37 20 378 8 58 8 9 7 109 17
42 1 2 5 370 9 88 6 11 20 39 5
26 17 6 16 128 24 53 1 13 13 26 7
53 4 12 9 225 63 21 2 38 2 202 41
19 9 21 10 358 44 26 2 26 3 302 68
38 8 7 23 241 61 36 17 15 10 193 29
30 2 66 2 373 94 38 9 7 4 311 74
29 4 2 4 224 10 41 1 2 6 378 54
40 3 21 2 205 33 46 1 31 3 68 18
50 13 31 5 104 4 85 3 4 19 77 12
39 16 37 21 102 33 20 1 17 1 129 20
54 14 43 16 121 28 32 9 7 23 372 90
19 7 62 20 286 50 72 2 17 3 202 34
56 2 5 4 68 14 27 13 28 13 230 7
16 18 37 10 78 17 34 6 5 12 14 3
34 23 46 14 129 1 22 2 9 2 24 1
42 1 25 14 66 13 36 11 15 19 138 19
38 2 44 16 405 3 34 1 44 1 74 12
28 2 24 2 376 15 57 2 22 16 121 10
30 3 61 2 304 84 44 6 31 10 351 5
32 1 41 7 23 1 54 8 28 7 106 27
15 17 69 18 385 89 25 2 67 15 86 7
23 7 49 10 100 13 32 1 6 17 361 115
57 8 36 4 282 52 41 11 32 8 164 5
30 2 8 4 100 11 32 7 43 15 155 25
17 4 38 8 238 57 24 7 19 12 222 31
19 1 48 0 120 20 52 2 19 5 299 82
43 1 9 7 122 4 43 5 30 18 327 57
56 4 37 15 109 24 17 5 27 6 229 63
55 9 11 20 75 15 29 11 3 19 120 14
19 4 59 20 265 10 17 11 30 17 122 29
24 12 72 14 192 26 26 8 20 7 127 16
38 1 59 1 369 26 41 6 14 3 334 39
27 3 68 9 199 20 45 4 11 12 67 19
28 5 46 9 65 9 37 9 14 10 137 10
58 16 9 20 244 37 29 15 26 5 282 38
28 20 11 11 182 38 20 18 72 18 29 3
26 12 25 17 38 3 30 1 9 2 279 84
33 1 11 1 177 22 18 9 43 4 370 106
36 5 25 23 85 21 26 1 47 0 193 49
