26 6 12 9 245 45 19 1 14 24 17 1
42 9 13 20 170 6 31 3 9 5 158 51
35 10 41 21 187 27 26 2 26 9 66 8
40 16 12 16 69 9 45 5 9 7 51 12
15 3 16 4 126 30 29 3 18 2 350 12
18 14 66 16 359 48 61 10 19 4 72 8
59 16 18 17 119 25 40 15 11 20 259 52
47 4 5 5 276 65 23 17 29 8 80 5
44 3 24 2 144 33 32 8 18 24 399 50
68 5 13 18 370 92 46 9 46 15 81 22
19 1 24 1 132 10 31 11 9 23 42 6
34 4 4 15 375 28 28 4 33 4 370 112
59 6 28 3 323 19 35 3 61 12 271 48
30 2 28 4 372 77 45 8 51 23 147 19
17 13 23 9 219 26 71 1 15 0 267 52
65 9 10 13 386 5 41 16 4 12 130 35
32 2 20 13 120 12 19 7 28 9 256 21
29 12 25 14 70 20 44 1 2 1 379 25
36 4 16 5 319 20 54 3 12 8 244 55
26 1 50 7 263 24 19 2 60 7 240 23
18 18 14 10 76 15 21 14 53 21 144 19
34 14 31 14 224 55 30 15 13 21 178 47
40 7 50 3 144 36 84 1 5 1 364 38
30 20 8 9 368 91 30 3 14 2 27 4
40 2 14 3 45 12 47 1 33 21 92 3
46 11 23 15 47 11 44 7 3 8 146 47
74 15 7 21 31 4 26 11 66 22 110 25
54 13 7 17 100 11 57 3 23 5 290 87
17 2 13 12 311 84 55 4 13 4 105 27
45 2 34 22 85 24 27 6 14 11 288 38
27 22 16 15 282 20 17 14 41 12 55 7
30 2 28 4 388 93 26 5 33 25 143 24
26 18 50 18 298 10 34 9 29 6 210 9
53 17 14 18 39 3 30 5 9 13 381 33
35 8 17 8 335 48 20 12 36 14 110 22
25 6 13 12 153 10 21 18 58 8 234 9
17 15 14 17 311 30 24 1 15 23 383 17
36 12 63 20 87 19 57 7 4 16 365 111
63 18 18 15 68 1 85 1 8 0 198 46
63 18 20 12 165 24 16 3 51 7 319 42
