40 9 4 21 379 39 64 3 11 4 196 40
28 8 10 21 227 37 70 14 16 14 363 37
24 4 6 18 122 21 95 7 2 18 22 4
21 4 12 11 20 1 24 15 14 20 14 1
26 6 59 8 401 15 49 12 22 18 271 26
25 16 26 12 325 79 19 22 26 11 401 101
31 1 62 5 230 52 25 20 45 9 304 42
50 3 2 4 48 1 59 7 29 10 115 35
22 11 20 6 134 36 42 8 50 20 135 29
19 2 35 6 51 8 46 1 6 3 138 11
15 15 32 21 73 7 44 6 2 9 32 6
20 1 48 0 141 37 44 4 13 16 383 56
17 13 34 9 260 80 34 11 2 24 140 22
47 2 6 23 177 57 26 21 35 11 135 42
79 5 8 8 118 4 20 24 19 12 365 41
60 15 21 20 410 111 16 2 21 7 192 28
42 11 18 6 371 67 20 9 74 12 242 46
34 8 28 11 336 11 23 16 21 12 400 10
16 4 18 11 107 22 70 5 25 15 111 21
47 13 29 20 250 81 73 7 6 8 288 33
63 8 8 6 172 39 41 5 25 10 207 55
26 4 32 5 133 41 25 23 45 14 343 54
20 4 19 6 258 10 68 4 23 13 181 25
58 13 6 7 43 6 26 14 34 15 396 59
77 11 7 11 134 18 29 13 9 17 222 29
71 6 20 13 376 44 28 8 59 7 144 19
44 12 20 7 341 28 29 16 24 15 387 64
31 7 59 7 96 20 45 1 48 0 413 32
53 8 27 10 245 45 45 5 24 4 265 68
27 1 24 2 103 4 35 17 23 18 43 6
15 14 31 14 58 4 44 8 55 15 157 19
38 11 13 22 164 46 25 3 55 12 274 61
35 4 28 3 401 124 32 3 50 12 122 1
57 4 23 9 90 24 74 1 2 2 170 41
57 1 26 3 390 36 33 1 5 5 380 60
35 2 42 4 68 19 38 5 20 15 139 36
58 1 19 17 391 105 52 8 37 4 122 35
43 11 49 15 136 3 26 12 66 13 409 15
23 5 72 17 409 27 64 16 16 10 164 41
25 6 74 8 392 6 58 17 20 10 369 84
48 14 4 12 173 6 37 6 18 3 282 51
33 1 36 2 226 44 59 11 24 22 202 2
