53 2 20 2 303 75 37 1 13 2 269 40
70 6 20 5 277 46 15 2 15 3 231 11
40 2 19 3 348 74 25 5 24 18 77 2
47 3 27 4 239 54 28 4 15 10 163 8
21 2 31 3 258 33 68 4 19 17 85 25
38 14 2 19 73 4 71 16 6 12 101 22
19 4 55 15 120 38 58 10 24 13 206 59
52 14 38 20 257 79 29 2 6 11 104 21
30 3 14 2 60 10 75 1 23 9 243 22
42 7 12 5 116 6 21 2 49 2 261 9
29 14 20 7 220 25 21 6 56 3 190 60
21 2 13 9 51 14 41 1 8 12 131 40
32 7 24 12 233 36 39 3 49 4 66 4
15 2 22 3 110 18 34 1 18 9 236 3
28 9 48 18 251 18 66 5 15 6 94 18
30 4 50 8 193 43 55 8 8 16 78 13
16 7 37 12 39 9 54 1 24 0 322 87
60 6 4 3 172 8 24 3 28 15 196 4
65 16 19 17 242 40 38 16 3 20 26 7
62 1 34 1 265 23 28 2 6 4 206 52
27 2 57 25 313 37 25 13 28 20 267 36
35 11 35 17 377 123 48 9 5 10 303 13
21 4 16 9 97 25 48 9 28 13 168 24
44 5 12 24 257 17 63 5 18 24 60 5
25 5 6 3 184 43 52 2 4 10 64 11
28 13 7 13 329 18 58 1 35 1 46 5
26 10 38 14 242 68 27 2 66 2 28 6
21 7 47 26 84 9 85 12 4 7 328 57
59 9 19 7 316 19 34 12 24 5 39 11
18 24 54 7 366 113 15 1 72 0 357 107
17 11 57 12 372 116 34 6 22 18 140 27
36 2 4 7 123 22 75 3 13 10 305 36
30 11 3 19 84 19 25 9 14 7 231 33
48 11 42 8 83 1 35 10 32 13 122 4
26 15 7 5 262 6 22 7 10 3 54 3
15 6 38 23 146 19 36 12 44 24 275 81
40 1 34 12 271 73 45 1 15 0 160 46
62 5 7 17 206 29 23 11 40 16 257 42
