23 20 7 13 174 20 25 1 5 1 214 67
35 4 4 25 331 88 67 19 16 14 165 53
54 1 6 6 361 90 19 1 11 3 211 2
62 1 17 15 344 44 89 2 10 18 388 37
40 2 22 23 52 13 34 2 6 6 94 10
31 1 18 1 11 1 26 3 28 7 95 12
36 2 5 3 79 2 59 10 14 11 290 45
48 18 16 20 379 83 33 1 23 10 333 66
31 12 17 5 73 16 22 18 49 12 36 8
46 12 50 10 126 40 30 3 41 18 277 83
35 4 38 14 86 14 35 19 6 11 221 13
26 10 34 13 160 30 37 1 34 2 395 114
29 8 19 18 96 29 17 4 41 3 67 15
29 1 68 11 119 1 26 4 14 5 158 50
37 22 58 6 170 54 58 7 4 22 186 29
81 5 18 16 315 12 29 6 9 8 363 51
18 2 21 2 369 11 23 2 29 4 166 41
73 14 4 14 23 2 30 1 14 5 355 68
22 19 42 17 45 9 23 2 19 10 284 1
24 8 20 4 184 60 21 4 33 25 321 16
36 4 38 20 65 4 26 4 66 26 259 56
26 15 17 8 230 21 59 13 8 12 219 5
52 14 47 16 80 22 18 3 71 22 46 7
40 7 44 16 252 6 32 7 47 3 70 18
57 1 29 1 251 1 23 11 36 10 33 2
54 7 18 19 63 8 29 2 4 5 83 20
16 11 27 11 391 112 24 9 18 6 179 24
43 4 5 5 65 4 75 8 8 7 139 33
36 24 41 10 217 39 52 10 14 14 69 21
26 21 19 11 274 62 56 1 4 2 363 97
34 3 14 2 30 3 28 2 2 3 269 62
31 1 16 18 191 9 20 9 65 21 140 40
43 10 2 19 289 89 15 3 60 11 223 13
74 18 16 14 80 20 36 4 7 8 92 2
67 6 29 3 211 58 35 1 37 21 253 48
82 6 5 20 321 103 23 4 69 8 311 27
59 24 9 12 390 1 73 2 6 18 334 34
80 3 6 6 14 3 42 21 37 13 342 98
55 1 36 4 146 38 23 7 27 19 348 24
47 15 23 14 353 60 40 14 5 21 107 20
