64 2 21 11 327 49 28 18 24 10 365 10
32 1 49 4 122 27 58 10 17 9 21 2
29 2 2 21 297 42 42 9 28 13 65 15
47 19 8 14 32 8 32 5 6 9 204 5
16 3 51 6 268 5 56 4 32 4 364 19
15 9 17 13 219 60 15 5 70 4 13 3
38 4 30 19 67 11 28 1 49 4 152 43
30 1 29 1 33 1 74 6 18 10 251 69
35 7 56 3 362 82 79 8 2 23 173 24
31 11 25 8 251 41 37 5 26 14 263 77
29 2 2 20 120 18 24 9 37 22 205 54
45 7 15 7 282 3 42 6 14 10 238 30
43 1 8 0 357 92 20 3 15 2 230 37
31 3 57 9 112 16 29 19 4 8 211 66
48 14 24 20 157 10 30 7 66 3 236 68
19 5 22 14 297 10 27 1 24 19 54 15
15 10 65 12 341 63 53 8 10 7 220 60
35 19 49 6 290 40 39 2 28 7 355 62
28 24 22 7 21 6 82 13 4 17 304 48
44 4 54 23 337 9 72 21 5 9 378 5
22 2 73 4 84 2 38 3 22 2 276 89
33 9 48 23 186 56 16 2 76 13 355 3
23 5 47 24 301 99 19 16 28 15 319 92
34 5 10 8 165 51 33 5 3 3 29 8
18 1 73 1 181 28 37 2 20 8 80 7
49 1 11 3 211 2 61 1 31 2 100 21
33 1 54 14 144 29 33 2 7 4 18 1
42 3 15 4 189 44 36 8 42 8 346 74
56 17 3 19 32 2 69 2 22 14 16 2
93 8 5 6 366 86 43 3 45 6 152 37
54 6 39 8 378 87 28 9 25 9 158 37
18 5 15 13 347 80 45 14 4 9 191 62
75 19 23 12 359 2 36 10 39 18 111 28
66 3 12 5 76 16 32 2 2 15 191 45
23 4 8 19 354 32 78 9 17 16 123 15
22 10 41 9 84 8 22 6 32 5 11 1
36 16 5 16 132 20 18 13 14 10 103 31
32 16 7 16 56 6 34 3 15 14 12 1
