15 7 24 9 164 40 27 1 15 14 166 51
15 4 53 21 264 68 36 3 55 4 93 2
40 1 45 0 217 60 52 1 36 1 308 78
24 5 16 3 108 31 41 1 8 6 12 1
27 4 14 3 374 113 20 17 21 18 116 12
47 1 9 0 238 19 28 10 11 18 373 40
15 12 19 19 260 19 62 2 28 2 83 22
41 4 10 5 221 19 46 9 16 4 360 95
21 15 26 18 380 41 22 1 44 1 203 34
53 14 3 11 184 29 16 2 14 5 181 37
22 17 27 19 246 6 33 4 16 14 123 14
38 4 21 24 380 98 26 2 64 13 116 12
16 6 24 22 129 34 42 4 5 12 128 3
30 12 33 14 33 10 24 1 21 4 142 3
26 3 71 12 373 47 18 14 31 12 378 60
35 13 25 7 153 8 70 8 20 7 109 4
50 16 9 16 102 18 18 22 32 6 160 14
39 6 25 13 100 17 39 2 57 2 219 60
54 1 9 17 131 40 44 1 16 3 104 32
15 13 24 22 22 2 17 2 17 15 307 38
33 1 54 1 310 33 58 12 5 17 89 28
63 6 34 10 359 89 24 20 22 15 177 13
19 3 16 8 374 103 68 15 4 17 343 59
53 3 26 13 262 73 51 14 47 20 88 1
41 3 37 23 174 30 40 15 16 8 365 88
36 1 42 26 246 17 16 3 44 8 144 27
72 2 4 6 259 35 31 7 64 8 85 12
27 10 17 12 251 35 46 3 50 4 141 24
30 20 8 16 121 6 28 1 10 25 92 26
16 3 16 7 383 113 50 2 3 2 39 5
36 14 9 11 336 81 47 16 51 17 281 8
25 4 8 9 265 22 29 11 18 14 252 71
17 1 13 22 327 45 45 1 15 3 385 55
32 8 35 7 150 8 19 5 11 17 38 3
60 2 39 7 141 29 30 8 20 4 26 3
39 1 15 0 93 19 38 3 7 6 13 1
15 2 63 6 132 38 45 5 21 15 207 52
45 2 52 2 240 35 52 8 33 12 285 48
30 7 5 25 316 70 38 7 60 5 242 16
