50 80 75 48
65 83 81 30
48 33 84 66
86 83 88 83
64 40 70 61
24 73 82 48
43 35 68 30
53 38 67 72
94 78 69 100
98 80 77 73
62 29 72 37
99 23 15 45
69 75 53 72
97 27 55 48
65 61 58 57
27 68 46 69
81 43 61 32
90 39 80 88
61 74 88 61
82 85 63 68
45 22 57 79
82 60 79 58
36 64 82 89
84 100 60 42
39 28 60 60
83 59 74 60
88 91 91 81
49 70 42 47
29 51 48 53
79 19 95 18
73 52 65 70
48 60 53 81
70 50 57 40
95 70 88 57
73 62 56 70
46 38 59 24
70 54 78 66
93 72 42 27
16 39 93 48
74 87 100 72
39 71 56 87
46 72 63 76
