15 5 52 8 64 6 45 5 34 3 91 14
35 5 29 6 161 26 77 3 15 9 176 18
52 1 28 3 379 114 24 3 30 2 362 9
24 2 9 24 324 78 44 13 26 13 143 26
24 10 15 25 202 43 25 2 16 3 153 44
68 17 14 12 36 2 60 3 10 5 212 53
59 8 19 17 349 48 33 5 5 9 279 19
23 8 26 7 282 51 23 1 27 0 10 2
27 1 12 6 58 18 49 1 28 0 177 38
26 12 11 10 317 59 77 18 21 20 163 27
33 2 39 2 231 36 35 4 18 6 214 18
29 6 46 3 113 35 60 7 12 7 32 1
32 16 29 16 302 90 24 4 7 23 367 44
35 7 50 12 131 36 30 3 35 6 121 9
29 1 9 15 296 26 18 16 40 20 76 19
56 8 30 18 373 33 43 1 37 2 350 45
30 2 9 9 388 73 30 3 57 19 159 8
38 5 11 8 319 53 26 13 24 9 365 64
79 1 5 10 358 105 29 7 2 5 161 17
38 3 13 14 294 68 33 2 53 14 381 67
50 2 23 6 15 1 28 2 3 12 119 11
66 3 14 22 313 4 34 5 30 7 65 3
21 3 48 5 95 15 45 9 31 4 231 25
16 1 52 1 146 28 16 9 38 4 148 14
28 2 9 3 104 7 34 1 33 24 210 10
49 19 48 8 355 40 49 1 21 7 54 9
33 12 60 24 11 2 73 19 14 8 369 38
22 9 28 15 198 5 56 2 6 2 110 27
32 20 4 11 158 21 33 15 29 11 241 13
23 8 7 18 168 27 28 19 21 17 338 24
30 9 6 13 203 33 40 3 47 20 102 32
53 10 18 6 210 17 56 9 17 16 231 73
21 1 56 9 211 13 20 12 10 5 51 16
54 7 11 7 63 18 56 7 24 24 239 77
41 6 30 20 351 114 20 7 42 8 52 5
49 1 33 9 198 52 79 1 6 0 364 44
16 23 58 14 336 49 45 1 32 17 201 5
18 1 72 1 308 90 53 7 16 9 308 27
60 3 20 24 305 35 23 23 65 9 213 58
