25 17 22 16 187 45 45 9 8 16 143 31
31 1 11 9 223 25 41 11 34 21 62 11
51 2 47 4 20 5 59 10 24 14 11 2
28 2 28 12 171 52 50 12 31 16 112 30
15 9 34 16 89 13 15 11 75 4 211 46
35 10 55 14 254 61 27 9 60 6 102 27
49 13 49 21 307 89 36 2 37 19 332 43
27 4 25 16 244 77 17 15 42 16 192 50
68 9 20 25 269 13 19 1 11 3 241 1
26 17 15 10 224 69 44 4 10 26 279 77
25 12 66 21 203 23 24 10 12 13 157 29
33 22 25 6 382 81 22 8 75 8 78 6
37 15 43 11 132 24 45 1 19 1 285 27
73 21 7 11 25 3 27 2 22 19 116 26
46 2 8 3 188 31 27 18 42 10 106 16
24 9 33 23 291 12 23 1 9 0 223 46
38 5 22 24 220 72 31 2 41 5 203 59
50 1 32 2 65 11 31 2 5 17 90 22
28 20 71 11 165 22 45 3 37 7 242 75
40 3 44 4 388 92 77 1 11 0 269 43
16 1 24 4 336 31 30 9 44 22 143 35
36 7 32 5 354 69 36 12 33 12 21 5
25 12 56 10 44 10 43 5 48 15 133 8
47 14 26 15 349 67 33 9 2 20 93 1
69 3 28 2 185 17 48 12 44 5 255 77
40 1 27 0 181 33 49 13 8 10 48 15
31 1 30 8 163 21 23 5 57 6 226 16
16 12 50 18 216 37 19 1 13 3 271 46
87 18 5 6 115 17 58 5 40 14 251 45
31 1 6 6 306 11 35 3 2 14 108 35
28 11 9 17 260 15 41 19 25 11 254 25
35 2 3 5 239 20 37 21 40 15 349 51
26 1 7 0 24 1 25 7 34 10 318 41
24 3 30 2 385 70 21 7 22 10 319 92
43 11 18 20 264 15 38 1 9 1 270 72
49 1 49 3 111 11 15 24 43 10 280 91
58 1 40 2 11 2 16 16 24 21 43 6
59 1 8 0 19 5 55 18 8 14 259 15
38 4 14 6 347 79 28 1 28 3 132 28
