18 2 13 2 78 20 57 1 32 0 348 11
81 1 2 11 288 36 63 2 20 2 307 2
37 19 22 14 322 7 44 7 22 9 241 35
64 1 11 4 397 22 24 18 74 18 22 1
28 5 3 7 332 32 39 1 5 2 42 4
56 5 6 10 103 27 40 3 8 4 319 56
15 5 24 13 56 9 42 9 50 16 35 8
32 6 7 12 305 98 34 19 45 16 52 8
34 8 18 11 241 36 57 1 14 4 199 57
46 5 29 8 78 11 61 1 17 1 229 75
76 13 10 10 142 45 84 3 11 25 172 38
25 13 23 7 363 25 27 24 7 12 127 26
28 8 18 24 289 40 36 7 46 15 231 37
57 3 11 5 75 10 25 7 21 12 396 49
30 1 23 0 205 19 66 1 28 1 395 81
33 1 14 24 165 49 67 6 10 22 248 25
75 1 8 20 381 2 26 1 26 7 195 6
30 4 41 4 157 32 28 7 51 8 125 7
38 19 8 16 119 20 48 2 26 4 134 10
39 3 13 4 52 5 24 2 23 2 32 9
71 2 25 15 96 31 53 6 43 10 64 6
18 18 34 15 218 68 46 1 18 1 215 47
31 2 52 23 23 3 22 9 14 9 104 28
21 15 43 16 238 16 33 21 42 13 364 83
27 1 6 7 339 48 51 16 8 16 284 6
27 1 63 15 311 14 29 1 3 2 329 3
30 10 9 4 385 123 60 1 15 16 282 90
37 25 2 7 173 41 25 2 37 12 162 41
27 2 41 4 158 42 38 14 22 12 76 8
23 16 34 15 184 55 71 1 6 21 224 37
66 1 25 7 17 3 63 2 25 6 79 14
49 14 15 15 108 21 27 6 52 6 328 87
28 2 26 7 306 79 32 3 20 17 143 12
15 1 15 0 91 18 21 4 63 14 225 55
25 1 8 11 304 55 21 8 9 11 177 19
26 1 9 0 359 43 31 1 6 3 99 8
44 19 9 17 371 76 70 1 10 6 195 51
71 3 9 9 143 16 80 18 9 10 222 39
25 8 17 8 16 2 32 1 8 1 136 38
34 2 27 3 168 16 54 19 14 6 102 4
