92 7 3 19 114 29 30 12 68 14 72 5
62 3 33 22 409 115 51 2 6 10 220 53
49 6 26 5 97 7 30 3 49 9 285 2
49 13 7 23 336 91 30 1 10 0 78 18
39 7 9 22 90 28 36 1 52 1 137 40
15 1 20 0 152 10 22 2 9 11 183 17
32 2 31 8 61 17 50 1 21 6 297 65
32 5 6 16 260 3 30 6 45 5 19 4
20 22 21 9 311 39 15 16 21 16 403 72
26 1 8 1 324 106 20 1 32 1 314 65
31 5 11 26 23 5 37 3 43 8 219 12
21 9 51 10 258 65 17 12 21 23 59 5
22 4 55 5 142 43 60 4 16 4 379 90
26 1 38 1 145 24 24 3 18 5 160 50
39 6 22 9 52 3 64 18 3 20 116 11
66 1 7 3 172 50 29 1 14 11 226 44
19 5 29 7 277 47 26 6 52 5 271 35
59 8 23 21 28 4 28 1 38 0 374 112
34 4 4 6 89 18 23 2 42 2 29 4
17 10 28 8 178 37 31 3 11 12 284 37
37 14 17 21 119 3 59 15 40 11 159 37
29 4 32 4 139 41 64 6 28 3 394 43
36 4 17 5 89 24 51 4 44 18 358 80
27 1 8 3 340 33 33 12 21 18 84 22
35 2 11 5 294 33 41 22 10 6 148 9
64 2 14 5 399 81 96 8 3 17 388 87
41 3 26 18 219 2 15 24 22 7 89 1
23 4 11 3 375 96 45 13 37 21 52 9
37 6 13 3 352 93 28 14 20 16 397 74
34 4 28 13 88 15 28 3 13 16 213 65
22 1 49 18 19 5 29 7 33 5 389 47
37 1 22 2 57 16 69 1 20 20 305 54
24 1 17 17 275 48 73 1 2 7 135 8
20 1 52 0 287 19 35 9 5 16 355 17
47 1 27 1 198 46 46 13 35 17 74 22
72 2 14 19 89 10 22 4 47 5 399 7
75 16 12 19 146 20 23 4 11 16 92 23
83 3 11 9 308 39 22 6 32 11 347 15
29 19 6 6 40 5 19 13 18 20 40 8
32 17 11 19 349 93 17 1 68 1 131 11
40 3 20 12 130 19 39 11 7 4 260 34
