19 10 31 19 275 76 58 3 15 5 48 12
34 10 45 22 216 30 55 6 12 12 390 88
21 24 42 7 357 94 21 3 38 25 378 108
20 2 23 18 160 29 20 1 67 4 225 44
32 20 49 6 185 57 52 1 20 5 13 2
72 3 7 21 161 35 26 16 32 16 223 22
18 3 38 2 16 4 32 2 37 2 142 16
36 12 11 23 389 29 33 18 12 8 215 22
17 18 27 8 27 8 45 3 15 4 76 5
73 4 9 15 173 42 30 16 2 17 251 69
27 1 65 5 222 20 40 2 2 3 172 7
35 7 64 9 64 8 27 1 7 3 274 6
56 15 29 20 142 20 27 1 18 0 106 24
25 9 31 7 288 78 16 11 76 20 383 21
57 1 26 2 150 47 69 11 6 15 246 43
33 9 9 15 387 26 74 5 17 16 102 32
31 1 63 0 375 55 39 20 60 15 364 98
42 8 44 21 296 30 39 12 59 9 185 52
36 3 9 20 67 18 42 4 6 12 228 24
57 11 25 4 165 38 46 1 10 4 75 19
79 1 17 4 23 4 42 1 4 9 165 25
27 4 38 12 311 66 44 9 32 14 141 34
22 2 43 20 262 55 36 9 13 4 325 42
22 1 24 0 263 26 20 21 35 15 331 91
40 3 48 8 307 9 34 19 34 12 42 6
58 7 4 20 151 12 27 17 13 15 99 29
76 9 6 7 167 28 27 10 31 12 282 17
79 9 2 9 323 2 31 7 17 5 342 113
15 1 23 0 389 24 25 5 26 7 234 21
22 11 17 17 178 2 28 7 18 19 352 3
16 7 25 9 378 99 48 1 4 10 170 46
17 9 14 24 322 66 23 5 44 15 272 49
17 4 41 3 165 10 28 10 14 13 161 47
16 3 26 2 213 9 22 5 62 10 91 9
40 3 16 5 56 7 32 3 6 4 304 52
38 5 20 3 151 9 60 6 36 24 214 27
73 11 14 6 221 36 68 4 12 23 46 11
23 1 33 18 329 42 24 21 70 15 40 11
18 5 70 18 93 6 44 3 4 2 280 46
45 1 5 13 265 64 27 1 13 1 327 63
