27 7 25 25 162 30 64 8 10 11 107 6
49 7 4 10 185 7 21 6 70 20 318 29
16 6 19 18 353 92 18 9 44 6 183 18
66 4 20 3 157 13 67 4 3 6 372 6
86 5 6 6 99 2 41 3 10 6 39 4
28 2 52 6 193 47 57 20 39 11 70 3
42 3 2 8 130 32 15 8 44 22 325 12
29 12 28 10 292 61 46 6 16 6 58 9
42 3 38 18 95 19 32 1 17 4 84 11
62 1 34 1 256 64 16 5 42 4 154 25
51 4 12 4 37 3 28 1 27 2 120 10
42 4 13 26 135 36 21 23 54 14 349 22
34 6 44 5 289 27 26 11 30 17 181 21
46 6 13 9 60 14 46 12 14 14 34 5
38 17 33 18 228 7 41 15 26 8 207 36
15 15 70 20 375 9 54 8 39 15 315 61
24 10 49 4 366 79 29 6 28 26 53 2
34 7 63 3 281 7 47 24 12 7 200 26
20 1 23 11 39 7 65 1 2 12 38 6
22 7 31 22 202 65 26 4 67 6 262 9
40 5 7 7 292 61 58 5 16 17 355 33
25 2 71 19 315 7 25 2 37 18 148 1
50 15 22 16 171 53 46 13 15 23 89 23
40 8 5 24 264 30 74 4 4 9 73 23
58 6 41 13 61 9 38 1 8 4 371 52
47 14 45 12 277 79 38 2 26 18 127 39
29 3 37 7 149 48 67 5 32 18 284 53
33 18 19 14 56 17 30 1 31 15 227 49
23 19 16 6 360 57 26 12 39 18 109 7
21 4 9 8 204 15 25 3 33 18 254 57
16 2 18 3 341 38 18 1 36 1 178 39
26 5 10 15 114 35 33 8 11 17 97 10
17 1 69 0 207 48 49 3 13 24 256 75
71 22 23 15 149 28 40 1 40 6 179 57
40 7 33 26 50 9 66 10 4 13 265 20
22 1 25 1 365 34 82 1 12 6 141 40
37 17 14 13 279 45 39 1 37 1 169 3
49 9 2 16 103 10 18 11 20 16 221 9
