38 17 26 13 77 20 42 13 11 18 86 13
24 8 20 20 110 5 17 2 81 3 277 4
36 1 22 3 31 3 63 6 5 15 161 40
47 6 3 5 222 8 45 11 34 16 368 107
33 15 55 18 153 10 52 5 32 20 77 11
20 11 32 6 385 56 18 3 47 4 301 63
56 1 30 0 260 14 23 11 75 19 193 42
16 2 68 20 208 14 28 8 24 6 39 9
51 5 4 7 249 59 34 14 19 9 136 37
41 11 49 8 358 103 16 4 29 4 132 26
16 9 36 4 268 60 59 9 22 15 23 6
27 7 28 19 332 5 31 2 34 2 317 13
48 1 6 5 260 25 66 8 12 13 264 11
17 17 35 5 201 45 61 12 19 5 30 9
17 2 27 2 68 20 30 11 36 16 240 25
40 1 37 22 368 4 16 21 26 11 120 5
38 24 19 7 123 36 21 2 72 19 232 47
21 12 23 12 21 2 35 6 33 20 150 32
26 11 5 17 362 83 20 20 26 9 84 11
73 4 10 9 312 45 22 4 50 25 176 19
35 4 19 10 80 20 36 1 16 1 39 3
15 10 28 20 223 32 15 11 41 11 374 78
49 3 40 4 222 36 35 8 6 4 283 42
25 8 20 11 373 45 42 22 14 9 42 2
66 1 4 11 294 30 40 1 56 2 356 2
23 2 74 4 348 88 38 7 7 19 247 5
19 8 73 12 238 66 35 11 25 6 72 10
31 2 4 3 48 8 39 4 13 21 142 14
35 8 10 8 212 52 21 1 9 14 326 107
27 1 4 1 226 55 25 4 70 4 309 31
29 1 8 5 167 30 75 13 18 5 170 35
21 9 57 12 26 2 58 8 38 11 170 40
51 5 48 19 259 6 31 3 16 25 53 16
65 1 6 1 342 22 37 11 21 14 214 44
16 22 27 9 193 14 28 8 24 4 143 24
42 8 43 18 115 26 15 9 21 4 43 13
17 4 27 16 289 1 32 9 14 17 323 88
27 2 39 4 270 63 69 3 30 2 85 13
22 3 47 17 282 52 18 8 23 6 331 103
