96 89 76 60
66 94 70 36
25 15 23 79
82 57 23 61
46 69 49 60
53 38 32 65
85 68 43 58
47 74 72 84
45 91 98 57
99 71 56 42
75 78 83 46
79 19 63 19
50 59 45 29
89 66 84 75
76 60 94 54
37 82 73 46
43 64 21 16
50 42 81 59
48 50 47 48
45 49 37 51
94 68 49 53
47 58 43 71
39 31 56 73
94 56 100 81
72 49 44 65
19 28 38 79
68 74 63 50
28 51 39 33
98 39 38 34
31 75 65 75
73 67 72 77
34 71 83 60
44 35 98 79
72 83 64 26
78 47 80 42
49 42 48 63
63 55 63 66
51 92 70 57
100 97 67 96
63 82 63 54
62 51 49 50
64 43 25 91
