24 10 13 21 341 47 55 9 6 16 191 4
46 20 39 16 350 69 23 1 65 1 131 26
37 16 24 20 20 1 70 23 19 9 203 57
47 4 49 13 302 55 61 5 7 13 379 11
20 7 55 19 115 36 21 6 11 5 283 30
28 18 39 14 13 2 75 4 11 25 156 46
17 1 69 8 301 55 32 4 2 25 255 63
30 18 16 14 241 39 39 11 58 15 134 19
61 4 17 26 225 54 27 5 24 21 204 7
36 6 3 24 218 69 40 2 11 8 322 22
24 3 11 5 268 17 44 15 6 5 283 1
19 3 11 12 243 11 20 11 68 19 212 44
17 10 79 13 154 21 30 7 7 18 149 14
32 20 4 6 76 19 66 4 21 8 107 18
47 8 30 16 71 9 62 12 3 9 313 99
25 3 8 8 107 34 40 1 18 0 333 101
46 6 8 23 111 32 56 3 41 21 307 69
40 10 7 25 251 58 24 3 18 4 287 45
15 2 23 8 254 76 40 1 34 0 158 10
33 11 3 6 260 47 32 6 57 12 416 80
32 6 64 8 96 28 38 6 5 5 225 72
38 5 9 3 372 8 24 7 21 21 142 25
16 10 51 4 321 45 31 10 7 8 164 11
55 4 24 3 306 38 78 7 15 7 178 46
70 7 18 7 174 53 25 22 33 13 83 15
17 22 18 6 318 78 53 4 31 11 398 8
16 8 18 13 96 4 18 13 32 21 169 2
28 10 65 11 415 2 19 4 59 4 323 21
31 3 53 13 328 79 23 1 32 0 269 22
29 9 31 13 212 23 16 15 19 17 240 77
33 1 27 24 103 21 66 5 30 18 342 85
32 8 26 4 315 32 22 1 8 3 357 68
19 1 48 19 17 4 28 3 68 2 159 14
20 13 14 22 61 17 36 10 9 24 407 29
35 17 23 15 22 1 73 4 4 9 199 57
45 6 20 3 123 27 46 1 25 23 13 2
29 6 3 22 352 62 37 6 10 11 102 15
28 1 44 0 415 89 26 2 44 4 140 38
50 2 26 2 221 17 74 1 16 15 95 27
17 10 67 16 77 11 20 9 37 4 214 40
55 9 28 12 269 73 25 6 10 14 284 36
23 13 9 9 392 116 24 3 48 4 53 3
