18 12 19 21 367 9 39 7 38 3 46 8
27 4 47 5 202 12 78 9 7 18 264 36
20 8 15 16 225 72 25 3 44 15 235 55
54 7 19 25 373 30 35 7 42 21 248 43
24 16 43 12 275 50 45 7 23 22 258 75
29 5 13 12 220 47 50 13 19 18 280 26
29 7 20 3 345 85 72 1 7 4 127 14
28 8 41 20 373 72 51 15 15 9 202 33
45 8 19 21 238 7 38 1 24 0 328 55
30 3 20 15 55 11 43 3 32 2 26 3
42 8 42 7 374 76 55 1 22 1 279 16
35 9 2 9 334 91 28 4 70 9 360 65
19 4 63 5 161 28 52 2 2 19 104 4
32 1 16 13 240 68 30 1 58 1 184 54
19 5 60 26 188 36 29 2 66 2 252 71
46 13 9 5 192 57 61 1 31 0 152 9
16 7 35 8 177 31 61 6 10 5 109 5
16 3 28 5 103 26 63 6 9 3 227 71
17 11 72 20 340 111 16 2 61 23 184 54
40 6 28 3 318 72 40 3 18 2 324 6
50 23 26 12 171 2 27 4 65 13 269 1
64 20 2 16 95 27 31 12 61 7 167 33
58 6 22 5 358 57 26 7 8 25 34 1
19 5 29 21 45 5 17 10 14 6 303 52
56 10 18 13 191 22 26 18 19 15 244 48
27 5 54 7 361 30 32 6 11 6 314 35
17 11 25 21 53 6 55 5 4 23 25 2
60 1 24 1 320 7 33 13 34 17 373 15
43 1 32 6 376 91 68 11 30 19 321 94
41 7 42 8 151 31 47 2 8 23 49 13
38 24 26 12 290 45 20 1 18 1 320 24
19 2 40 7 191 2 39 2 7 12 241 35
46 2 14 9 45 12 33 13 9 21 284 13
62 10 31 9 14 1 32 1 10 0 140 29
21 2 19 3 375 25 52 2 26 25 217 30
22 3 65 4 335 5 84 1 3 1 164 44
68 6 9 3 51 16 31 11 9 10 218 28
28 8 2 12 71 20 18 1 28 0 261 23
