82 83 48 73
46 60 50 64
23 59 37 31
42 100 70 16
29 41 58 73
91 84 75 94
43 99 46 74
79 51 53 79
53 21 85 29
25 71 52 70
78 81 99 83
35 26 37 19
98 82 91 99
56 73 38 34
15 79 59 64
20 45 46 30
47 61 92 86
31 42 21 50
78 56 72 97
77 83 65 67
39 45 49 52
29 79 63 67
69 44 59 26
43 75 97 71
49 79 49 91
55 51 54 47
60 82 76 29
42 59 43 39
77 68 82 100
67 44 76 44
40 43 42 44
70 65 52 71
77 77 79 50
59 98 75 83
92 88 99 98
52 37 48 49
61 77 43 61
20 56 34 33
61 49 70 21
75 94 48 57
28 27 50 37
73 62 61 51
