58 1 27 3 110 29 63 1 20 3 159 1
25 5 69 7 129 23 43 3 29 4 340 106
22 11 24 12 140 18 36 1 21 0 278 41
58 19 5 14 375 67 29 14 48 9 365 10
91 4 4 4 175 1 49 21 18 6 369 68
33 2 28 8 109 16 77 1 17 4 149 24
74 12 7 13 360 27 28 5 7 6 126 23
27 11 44 17 266 44 49 2 48 7 264 80
26 8 13 12 375 95 29 11 4 14 173 56
28 6 5 12 215 26 62 10 22 4 342 9
58 2 34 11 72 16 43 19 50 12 125 15
27 2 15 3 70 10 30 14 59 5 286 28
24 25 22 7 182 53 41 4 12 15 84 7
67 7 4 10 361 63 18 10 19 11 39 11
73 3 9 11 150 42 59 8 2 22 258 56
33 10 42 12 91 21 32 12 50 5 192 50
15 15 66 14 339 48 17 1 49 1 319 17
32 3 24 7 369 94 16 2 39 3 256 56
56 9 19 10 160 23 33 15 44 13 128 28
86 1 2 0 331 51 20 4 17 16 35 6
18 17 69 20 126 20 28 1 47 4 199 20
39 6 32 3 231 69 31 3 62 7 254 36
65 3 6 8 262 23 25 22 58 15 356 21
28 13 3 20 320 83 58 2 8 17 143 16
15 9 30 17 348 62 32 17 36 8 163 3
40 3 22 7 75 24 56 23 32 9 56 9
18 2 34 5 239 76 43 3 23 9 296 23
46 5 21 4 94 19 25 16 58 8 128 34
21 1 18 0 224 35 21 2 27 23 62 16
37 12 50 17 58 10 31 1 11 1 103 28
18 1 23 4 340 14 49 20 40 9 166 48
50 9 4 24 230 2 22 1 64 6 87 3
51 13 48 15 80 22 41 1 7 2 34 8
82 3 12 14 11 1 44 6 23 11 54 17
27 12 16 10 298 85 34 5 2 16 315 2
56 1 11 11 42 6 34 8 22 19 214 66
61 5 5 4 10 2 34 12 62 20 49 10
20 1 69 3 62 2 24 13 28 7 288 81
