36 1 52 2 72 15 37 2 24 11 228 25
64 1 16 5 184 41 23 1 10 1 133 18
33 1 28 0 38 2 66 10 5 17 219 47
43 10 36 16 294 84 80 5 4 7 283 84
31 7 52 7 169 32 52 2 6 5 359 6
24 13 50 18 115 23 26 7 38 3 312 53
26 2 6 17 305 19 43 15 31 17 320 93
33 6 42 14 67 2 18 7 28 12 182 39
25 4 58 13 296 42 57 4 13 18 331 53
47 22 40 9 78 21 73 1 9 0 370 95
75 8 16 15 54 11 22 6 63 20 109 6
46 6 32 9 190 14 27 1 63 8 268 3
61 13 37 15 99 11 61 3 18 5 83 19
18 8 36 15 237 67 41 1 14 3 19 1
37 6 29 10 226 32 37 12 8 24 24 1
19 11 22 20 365 100 53 7 41 5 255 41
36 2 48 3 253 59 64 16 12 13 317 65
34 3 29 13 40 9 41 9 51 7 224 14
54 5 28 12 383 105 62 18 32 14 391 80
23 4 10 22 305 40 81 11 6 10 350 63
40 11 35 8 76 20 50 4 12 25 105 9
33 12 27 12 354 106 47 6 48 5 111 19
79 8 2 17 343 86 28 16 3 5 42 9
21 2 35 11 371 60 70 1 4 6 117 30
15 2 61 4 256 4 32 4 52 4 129 11
19 12 14 20 291 57 87 5 6 9 322 87
45 10 17 18 126 4 89 10 3 12 239 77
40 21 11 13 247 9 16 1 32 8 224 73
64 13 8 22 219 67 26 24 71 7 274 65
64 8 2 22 240 2 15 5 64 17 209 3
44 4 25 18 134 25 18 5 21 6 288 9
74 14 25 20 258 72 47 15 39 9 218 31
36 2 15 5 11 2 33 16 25 16 103 27
37 4 12 6 36 10 26 4 23 5 10 1
54 15 36 9 269 58 19 2 54 16 307 57
35 4 7 13 288 47 21 2 26 12 98 8
26 6 10 5 36 2 29 1 27 7 148 34
74 3 14 2 90 4 15 9 73 7 18 1
25 12 9 12 347 23 18 7 13 26 35 1
22 15 13 22 304 34 19 5 52 4 337 10
