18 6 57 8 269 10 45 21 32 15 117 4
68 3 6 18 359 77 36 6 35 21 248 20
26 17 46 16 122 28 38 9 24 10 115 28
27 8 51 25 293 35 63 1 19 2 11 1
45 8 30 18 18 2 72 16 20 21 197 32
23 3 36 4 269 50 22 2 8 14 241 35
36 24 24 7 227 21 41 16 13 5 168 46
16 3 54 2 89 11 94 9 5 4 109 30
68 10 16 13 19 3 16 7 20 13 206 31
60 1 23 18 126 41 57 5 14 20 101 29
35 19 25 11 369 57 15 20 84 11 43 12
72 6 16 9 367 95 28 5 57 18 222 20
17 3 44 4 324 42 35 10 33 12 215 45
21 2 74 2 382 91 27 3 44 19 286 91
31 16 11 12 152 17 53 18 40 15 43 2
40 13 9 7 12 3 32 1 24 17 72 4
89 10 2 25 176 12 28 2 20 2 266 55
39 3 20 4 102 27 31 10 25 12 347 74
48 18 29 12 329 90 19 12 13 13 308 30
41 17 5 10 76 18 20 13 71 23 195 51
24 7 15 15 211 4 43 10 27 24 309 90
56 8 9 8 358 84 68 9 12 10 232 18
20 6 43 13 235 18 36 1 35 23 335 37
58 2 15 7 141 45 25 1 27 7 314 78
44 2 52 2 164 31 78 6 15 21 395 2
38 1 2 18 135 28 55 14 11 19 266 72
38 7 60 22 183 29 35 14 6 15 269 48
65 11 13 10 162 6 24 7 11 15 375 17
29 5 6 22 127 18 19 6 13 12 29 8
82 2 5 7 249 79 64 6 2 23 77 21
34 19 35 14 295 94 47 4 29 3 288 58
56 6 4 6 91 10 42 8 16 24 258 38
33 20 54 15 36 7 40 19 24 6 197 20
58 14 18 14 93 17 23 7 73 14 375 5
61 4 16 13 337 79 36 23 46 12 254 12
40 25 11 10 119 34 42 2 38 7 309 95
83 6 13 10 152 48 19 8 19 21 225 46
17 5 70 3 45 2 16 10 68 8 172 9
62 1 32 12 213 22 16 10 20 20 212 39
61 6 27 3 276 82 20 1 28 1 55 10
41 4 39 12 104 28 72 1 8 21 216 68
