61 43 61 69
75 42 58 88
96 79 47 52
61 31 69 81
61 47 42 42
49 43 50 37
33 43 44 93
83 91 87 61
61 73 76 25
69 86 52 35
60 92 93 79
33 64 76 43
41 75 24 43
94 85 70 99
94 59 57 89
30 65 91 29
91 98 76 94
61 78 18 78
35 76 53 73
62 51 43 86
99 96 59 76
60 82 97 36
58 60 57 56
24 62 24 68
67 39 91 87
24 57 50 65
26 73 51 57
82 67 46 82
87 75 78 92
34 20 82 98
50 51 44 88
57 23 81 66
81 76 90 83
66 20 58 22
75 99 70 66
35 55 55 60
62 43 47 32
45 50 63 49
18 20 17 47
76 92 70 79
69 71 81 78
96 69 94 84
