67 7 2 15 332 104 22 6 49 5 197 33
31 5 9 12 119 29 38 9 28 12 311 52
18 7 27 5 107 31 31 9 18 21 164 19
41 10 24 19 73 6 26 1 14 10 28 6
55 2 4 2 23 4 15 3 82 21 375 60
72 1 7 18 154 46 17 1 21 10 345 35
28 13 65 21 247 73 47 7 13 7 340 80
28 9 5 6 252 21 15 1 36 14 356 79
52 2 6 14 15 2 48 5 13 4 255 38
74 5 4 14 197 1 45 17 39 16 72 15
29 12 49 24 150 3 70 3 24 18 185 22
38 1 21 7 61 7 33 11 5 4 370 106
43 13 20 13 73 21 25 4 5 17 353 98
42 3 20 9 24 4 29 6 21 12 117 11
43 11 21 21 87 9 46 9 52 4 56 8
71 7 26 8 194 31 73 11 13 4 109 35
26 23 12 14 196 31 42 1 19 11 274 39
44 3 44 12 306 77 37 7 39 12 314 33
23 20 35 18 34 7 19 1 65 23 277 48
24 10 8 11 337 100 81 10 9 11 283 79
43 4 42 13 234 8 42 7 4 26 377 55
25 4 14 8 85 17 54 1 20 1 134 4
17 16 77 13 396 126 20 14 28 9 67 7
52 2 20 18 98 31 52 1 21 16 343 48
54 22 43 15 281 13 45 1 42 5 103 27
37 1 29 0 35 3 60 11 20 14 252 45
24 1 32 2 24 2 38 2 8 8 309 47
26 6 30 25 23 2 30 5 49 7 293 62
30 3 65 13 333 83 34 4 47 3 357 28
18 6 18 11 303 16 53 2 17 3 341 110
62 12 4 24 20 2 46 13 34 5 282 43
33 3 2 2 353 5 19 3 18 7 156 18
18 6 62 5 389 26 18 2 17 10 138 36
27 6 24 20 172 56 20 7 69 10 195 62
81 2 14 3 300 67 54 1 33 7 326 46
39 13 34 21 176 17 42 2 30 22 219 3
30 7 14 8 326 72 38 1 19 12 27 6
67 8 24 8 111 5 15 2 62 2 91 21
67 7 31 20 198 43 37 20 6 11 306 96
19 9 48 4 199 59 20 5 40 18 83 14
