30 77 37 68
77 97 37 73
34 17 21 29
73 51 80 35
48 61 22 33
58 28 52 50
62 88 83 78
50 46 62 52
47 51 88 92
33 88 49 48
71 72 70 57
68 39 91 93
57 67 20 40
62 85 71 70
76 82 70 84
48 40 41 65
64 49 75 73
50 62 73 58
48 59 77 97
78 68 82 73
49 51 95 51
83 75 81 77
58 49 39 65
90 40 76 79
66 25 59 74
54 54 41 27
38 53 60 32
90 60 51 92
19 54 52 82
50 15 69 82
47 48 34 20
33 100 79 93
72 79 61 71
39 98 22 43
41 20 37 47
90 94 43 50
89 60 24 43
94 71 65 73
45 76 51 47
70 75 63 79
69 61 85 77
33 40 49 43
