45 89 55 91
64 34 92 27
87 80 73 86
90 79 41 47
89 96 77 67
66 55 67 50
71 72 63 77
91 86 72 58
51 49 46 39
58 70 80 77
63 42 77 74
95 94 24 34
15 25 50 86
74 50 35 51
82 59 61 60
43 39 31 29
53 83 40 58
88 98 27 54
64 60 54 62
85 69 99 78
66 70 76 55
68 41 62 51
69 91 75 68
23 100 93 90
60 62 65 60
81 75 84 95
70 56 56 69
54 40 35 85
38 96 100 72
60 38 28 20
45 83 18 54
22 26 20 16
76 47 32 49
50 70 74 76
57 62 83 87
52 63 86 74
20 36 24 57
83 82 50 48
60 38 40 52
43 83 80 70
31 100 58 68
80 51 63 92
