23 1 54 2 164 35 32 21 9 6 150 33
29 17 29 5 335 100 76 16 20 8 254 1
26 5 26 9 35 9 27 4 13 17 25 2
37 12 4 9 92 4 31 2 14 3 78 10
25 16 61 12 348 112 36 2 17 3 237 34
16 9 15 12 313 47 54 1 38 13 57 9
85 5 6 4 207 4 22 14 9 9 282 12
61 2 35 3 94 2 26 20 11 15 90 3
31 10 31 11 101 24 40 17 51 13 28 4
64 8 10 10 144 9 20 3 64 2 112 31
32 11 12 4 57 11 75 1 24 1 157 34
92 3 2 13 361 86 32 1 16 14 353 37
22 4 70 6 175 36 50 10 6 14 252 7
32 10 48 21 232 37 29 15 2 18 268 20
20 15 27 5 330 99 60 13 14 18 354 50
55 1 24 1 254 43 58 5 16 10 378 16
38 2 14 3 40 2 36 9 63 13 282 17
22 1 18 7 222 37 56 4 19 16 336 22
23 9 49 15 277 3 50 1 20 1 327 79
43 6 13 3 122 12 29 1 40 7 151 16
31 5 28 23 308 21 51 5 34 15 153 34
41 5 29 22 19 3 49 4 21 6 291 72
15 1 69 7 318 31 16 4 55 16 10 2
18 5 59 10 350 51 16 8 62 4 241 55
76 9 5 4 204 43 29 15 6 16 183 14
21 13 53 21 43 3 23 21 9 15 230 44
30 22 35 13 20 1 51 1 15 24 208 35
33 1 13 17 64 10 29 3 25 8 21 2
85 15 6 17 226 7 16 18 35 14 169 12
69 6 20 6 46 12 26 3 68 4 116 17
30 3 28 10 160 16 24 14 14 18 224 36
49 3 15 4 255 3 58 13 6 5 243 24
46 3 52 2 169 35 24 1 10 19 268 23
52 20 30 11 82 11 31 22 15 9 192 20
64 9 5 4 319 50 21 10 27 25 160 16
78 10 4 25 271 31 47 14 40 19 161 6
23 4 62 6 193 52 43 19 11 8 342 112
65 6 9 15 82 19 29 1 11 2 226 49
