24 18 21 12 350 37 25 15 12 8 204 66
36 13 17 15 200 54 34 1 12 0 281 85
34 12 34 17 399 5 63 1 31 2 157 11
17 4 63 3 371 85 20 2 15 7 385 18
50 4 17 9 186 43 41 1 12 1 178 18
15 1 37 1 265 16 39 5 22 18 189 61
48 15 14 18 112 28 53 17 20 10 44 11
25 15 13 18 270 82 26 7 35 13 92 13
27 17 69 15 348 84 24 5 33 21 127 41
27 16 6 8 83 21 48 1 31 10 287 74
70 7 13 9 95 1 19 4 18 8 53 10
37 2 8 11 394 3 42 17 55 12 404 62
34 16 2 15 345 59 38 16 19 16 339 35
45 7 3 20 215 43 22 3 43 12 355 96
70 2 28 4 179 20 45 24 21 7 134 5
18 1 52 4 167 5 26 1 73 1 202 63
15 8 19 7 293 28 41 2 29 22 197 29
26 3 19 16 361 107 16 5 21 8 64 16
31 10 7 6 346 45 60 1 35 1 381 121
47 22 36 13 241 46 33 1 8 4 376 10
63 16 21 16 98 14 43 1 21 15 290 82
45 24 53 7 289 37 42 1 27 16 359 17
28 1 58 0 127 15 26 4 18 15 116 33
28 11 20 15 413 100 37 10 42 16 15 1
23 3 15 9 46 12 28 2 2 4 258 7
48 11 50 17 147 45 56 6 34 11 352 27
38 2 43 3 299 35 20 20 52 15 166 32
57 2 40 19 79 15 33 3 23 13 413 13
43 13 22 23 364 32 33 1 45 22 140 39
26 6 57 20 200 24 35 2 20 3 169 25
22 23 52 12 252 43 63 3 23 26 42 6
32 1 21 7 235 26 17 1 82 3 200 3
32 12 14 21 161 37 24 11 11 16 217 22
31 2 60 17 360 84 16 1 16 1 46 5
81 3 16 23 28 2 19 7 49 7 285 43
81 1 7 6 69 14 35 21 3 13 14 1
34 6 24 3 416 91 16 3 77 11 158 9
26 9 71 12 286 72 44 4 40 5 219 28
66 3 8 6 231 17 86 5 2 14 295 32
41 3 25 21 223 33 73 4 12 19 111 21
27 1 53 1 164 37 66 3 23 8 311 63
25 5 59 16 172 47 30 5 11 24 282 12
