29 3 47 6 129 30 45 1 3 1 19 4
38 1 6 1 124 29 73 7 2 5 127 41
70 4 13 5 229 26 29 9 26 20 301 39
32 2 54 8 346 59 29 18 33 12 208 48
21 13 44 10 249 10 37 9 7 16 134 15
31 1 3 18 244 66 48 15 7 8 173 43
67 12 17 7 242 16 38 3 18 7 280 41
69 19 22 17 119 29 41 1 35 1 376 47
22 6 71 3 279 75 43 1 19 0 193 49
17 2 16 16 363 40 31 2 43 3 96 5
39 2 8 14 216 28 31 9 8 4 229 49
67 11 32 21 84 19 32 1 5 15 294 52
25 6 5 5 165 14 54 8 22 8 174 21
34 7 30 9 141 30 57 1 19 26 60 11
42 1 29 1 105 6 73 6 25 5 142 44
16 1 38 2 40 12 19 1 18 1 182 32
29 10 8 8 374 40 21 3 21 4 328 60
97 1 2 1 108 5 23 22 64 9 117 21
75 2 24 18 37 10 29 20 29 16 129 25
27 16 6 5 103 6 52 1 6 1 144 5
18 2 17 6 172 9 25 11 11 12 224 39
18 1 33 15 339 42 16 5 19 14 335 87
62 5 16 6 343 24 37 11 6 23 297 76
42 7 21 7 186 47 75 4 5 17 23 5
70 6 25 8 275 57 21 11 52 6 153 7
49 24 44 10 111 16 46 22 10 15 337 55
35 15 41 11 316 1 41 9 19 16 209 43
24 1 39 1 126 12 49 1 39 1 355 87
26 1 51 2 79 25 61 1 13 1 273 75
28 1 16 0 345 53 62 2 11 14 344 59
21 8 9 4 121 21 20 1 21 9 351 26
20 1 38 9 164 23 29 10 14 9 122 33
15 9 40 9 247 50 17 6 31 8 272 7
43 3 53 15 248 16 51 3 26 15 218 27
54 12 12 18 225 38 24 5 14 21 137 20
30 1 19 0 237 73 18 1 14 2 64 5
41 2 21 2 59 9 47 6 22 20 290 53
63 11 27 4 340 42 84 2 3 17 66 2
