16 10 20 6 117 16 23 6 16 6 142 38
16 2 60 5 127 26 50 4 5 3 32 7
79 8 9 11 105 32 77 4 18 5 289 38
39 10 6 4 158 25 44 9 21 6 56 4
67 8 9 8 293 91 69 2 7 8 21 3
39 1 20 7 210 14 23 1 50 1 82 3
28 3 37 15 138 13 17 1 42 3 20 5
56 10 31 11 229 5 18 1 49 24 384 32
55 3 39 22 44 11 15 22 45 11 326 30
48 3 24 13 308 100 35 4 16 18 83 22
31 2 13 3 49 8 35 23 21 12 294 34
23 12 7 17 124 24 29 5 7 26 172 53
41 17 23 18 220 48 33 19 2 6 102 18
68 1 18 1 244 71 51 4 44 6 370 35
39 17 8 13 361 4 37 5 36 8 102 30
18 18 42 18 296 42 42 7 12 9 362 88
36 4 28 9 53 11 33 20 17 15 128 7
27 3 68 7 68 11 25 10 9 6 315 22
22 5 12 3 261 49 40 4 6 24 158 48
71 12 3 19 209 39 31 1 44 2 291 12
26 3 36 15 137 2 37 2 2 11 170 49
61 3 5 2 99 12 23 12 70 13 217 3
67 2 31 6 365 82 27 5 6 3 117 18
21 19 49 19 367 34 50 1 16 1 283 25
36 2 20 6 106 34 29 4 2 12 250 51
38 5 44 20 170 22 50 6 44 12 190 48
23 4 15 19 199 44 18 3 24 20 191 30
21 1 30 3 12 1 46 5 31 23 22 4
17 4 45 3 64 8 34 1 5 0 325 93
26 3 15 13 223 62 52 7 26 5 138 22
57 3 19 4 108 5 23 4 53 15 280 74
18 4 15 16 386 65 15 2 32 20 89 11
24 1 65 1 308 96 45 1 53 23 371 65
44 21 5 6 342 85 37 1 40 3 167 49
75 2 14 7 245 63 68 1 3 1 214 23
59 8 11 6 311 10 22 17 19 12 210 67
28 14 2 20 12 2 71 14 15 19 376 44
18 25 28 10 134 40 45 4 32 22 58 17
34 10 24 12 58 7 30 8 40 15 124 4
73 12 8 10 75 3 40 3 54 16 26 2
