74 61 63 45
38 83 70 56
26 16 38 42
72 88 61 78
90 100 79 84
53 67 73 87
80 84 94 83
21 46 15 59
87 72 92 80
63 89 69 45
40 26 68 44
64 45 64 83
55 65 62 58
17 71 40 95
77 22 22 93
81 89 84 56
76 59 76 59
96 46 88 59
31 91 98 84
86 38 78 79
38 36 47 79
59 63 80 100
69 68 51 45
88 27 41 68
98 20 99 68
75 28 58 53
90 23 20 52
59 47 41 45
85 34 37 36
66 46 50 84
56 47 47 34
59 81 54 86
68 74 78 67
81 37 68 69
43 56 78 79
29 27 45 36
95 76 82 65
92 57 57 42
31 89 71 95
84 89 22 69
65 97 71 60
63 30 99 51
