29 2 44 17 241 66 67 6 9 8 101 25
19 1 31 7 286 70 15 18 79 17 74 18
65 2 6 2 138 1 36 14 10 5 213 55
36 8 48 10 168 20 20 7 59 17 81 17
21 6 13 15 211 19 48 2 36 12 312 5
22 7 51 19 53 6 52 8 21 13 360 87
23 22 10 6 345 93 58 15 26 9 247 80
25 2 7 16 348 14 22 2 42 11 54 5
20 15 18 22 288 47 39 2 42 4 61 7
40 6 49 12 57 18 57 1 3 6 341 101
17 3 23 15 211 49 24 1 18 1 244 27
65 11 14 4 192 39 23 10 18 14 55 13
18 12 44 5 235 63 34 5 16 8 345 38
33 15 18 16 70 6 52 1 33 1 201 16
28 12 45 19 227 53 27 1 49 11 349 72
27 2 35 4 184 59 34 5 28 19 359 81
81 14 8 14 319 9 21 2 45 2 265 85
25 8 5 15 262 68 16 10 22 18 11 1
16 4 21 23 136 29 41 8 21 11 111 7
72 23 19 14 184 33 42 5 5 9 314 56
73 4 20 4 282 37 20 2 40 9 144 36
34 3 64 2 54 10 32 1 4 2 66 11
32 1 34 1 304 28 22 5 30 16 259 72
16 12 45 7 358 31 28 3 16 20 311 24
37 4 49 10 268 79 37 14 25 14 198 6
44 5 55 18 377 114 53 14 7 12 118 17
47 2 13 16 180 51 35 6 6 6 125 22
24 9 7 15 269 87 19 4 15 15 249 24
49 2 14 4 156 49 22 2 30 13 314 12
24 1 15 4 182 7 24 2 38 13 259 7
50 7 2 13 93 11 16 13 22 13 219 39
35 19 9 14 252 2 44 11 11 6 207 46
26 12 23 14 349 104 21 9 14 21 25 5
54 7 27 19 308 98 32 6 26 5 62 14
23 6 45 11 81 3 45 18 5 15 369 108
19 6 15 13 25 6 43 1 27 4 11 1
49 11 41 11 251 59 26 1 15 9 295 22
32 12 58 9 177 32 29 3 4 2 13 1
