89 67 54 93
64 60 62 87
89 86 91 76
62 60 57 71
86 80 46 99
42 49 62 63
78 71 42 26
91 86 91 82
85 33 92 98
32 46 75 82
42 72 35 46
53 60 62 56
58 41 59 54
76 50 78 66
70 90 64 45
63 55 59 49
87 64 68 23
78 66 74 80
93 39 94 50
32 67 51 25
98 32 34 47
37 34 51 81
59 61 66 62
67 87 63 88
50 80 68 49
54 67 50 32
72 61 74 73
94 52 57 70
42 42 94 79
94 67 20 85
79 56 61 78
24 50 47 24
39 95 62 40
72 57 61 90
37 34 56 77
92 75 36 46
68 73 63 46
76 56 18 70
75 40 52 40
69 69 76 35
95 34 88 36
98 99 89 78
