41 64 79 87
50 72 60 84
97 40 95 30
90 80 48 30
67 20 73 84
77 61 97 98
64 37 63 30
87 46 95 90
99 53 43 31
55 99 60 48
73 72 72 70
84 98 70 72
67 26 70 52
61 74 71 62
83 83 95 18
23 20 54 87
72 71 89 98
89 56 96 91
46 44 62 32
32 47 82 38
28 46 85 16
36 97 93 49
73 84 69 87
76 31 41 94
96 71 56 100
49 50 56 94
99 73 46 51
94 53 46 88
98 64 33 60
60 32 48 33
64 56 72 67
59 64 34 64
76 93 45 89
85 76 24 30
58 74 61 81
23 44 59 98
52 89 78 86
71 87 47 74
48 83 74 65
49 75 81 61
32 39 55 67
59 57 96 80
