36 9 13 18 237 77 34 12 11 9 291 60
37 1 8 11 89 23 49 3 21 6 283 31
42 9 14 9 239 16 47 3 22 4 169 13
16 9 15 7 76 10 50 1 9 2 305 52
92 6 5 12 363 53 37 9 57 12 356 29
69 13 17 20 372 121 26 13 39 7 285 34
27 14 11 11 211 5 15 11 18 12 308 57
80 5 9 13 89 20 59 8 28 4 75 6
37 8 13 16 375 8 16 2 36 3 45 6
20 12 25 10 188 49 40 10 6 8 286 44
24 3 18 2 92 19 39 1 19 6 287 79
29 9 40 7 330 11 37 3 31 8 374 24
64 3 32 4 11 1 40 1 44 2 207 64
44 7 34 20 136 18 43 17 53 12 242 35
35 5 47 12 113 8 30 1 4 2 340 59
78 1 12 4 101 25 60 1 17 20 324 19
41 8 2 8 154 10 23 8 65 8 93 2
28 3 56 6 342 39 25 5 45 8 259 31
38 2 25 4 346 26 26 1 13 24 290 11
63 1 4 1 135 2 25 7 7 7 121 15
50 1 16 0 224 30 25 11 69 12 330 45
34 4 10 9 273 31 32 2 17 9 334 58
82 2 6 4 21 6 16 15 19 18 217 14
20 3 12 8 332 92 53 10 33 4 212 10
22 24 48 12 129 19 40 13 10 5 279 68
32 3 5 21 77 9 16 4 81 13 288 5
17 2 70 12 53 12 43 13 26 17 147 32
33 5 9 20 340 75 60 1 2 14 306 13
25 5 9 3 339 101 16 2 15 3 276 51
56 16 5 12 314 47 23 9 41 7 292 62
17 19 20 16 75 3 22 13 28 5 324 64
38 7 32 26 319 72 41 7 5 22 368 26
41 10 17 13 68 9 35 14 11 9 275 60
57 6 3 24 15 3 85 2 10 3 67 15
19 2 18 5 150 48 65 26 23 7 208 65
42 3 14 12 234 40 39 11 4 10 246 63
15 6 20 3 288 53 47 18 20 12 232 69
47 7 34 18 378 113 29 3 16 16 262 42
