54 9 17 22 12 2 23 13 8 23 404 37
24 1 25 1 165 50 39 7 43 7 124 36
31 9 14 4 15 2 19 6 15 10 351 33
34 21 4 15 160 13 21 1 20 2 366 115
44 2 3 19 273 53 43 1 38 1 225 51
48 2 13 3 351 96 42 1 13 0 101 8
31 16 26 10 277 52 40 1 2 1 350 12
26 2 8 6 165 38 18 3 28 2 283 88
29 15 56 22 233 57 58 4 4 5 206 7
44 9 33 14 102 21 15 3 84 6 256 22
20 11 65 19 129 38 27 22 54 15 331 16
25 10 30 24 131 17 27 4 32 4 52 6
52 2 27 12 24 2 31 15 66 8 104 8
28 8 20 15 49 13 28 10 63 13 23 6
66 1 22 10 20 4 33 1 23 9 331 14
35 8 61 10 155 27 36 13 47 16 360 58
24 2 6 22 377 116 23 17 11 10 71 19
15 11 54 8 194 3 44 7 32 7 354 66
22 4 24 4 296 88 85 7 14 25 138 39
18 19 17 11 227 58 29 13 15 18 309 6
18 1 39 15 352 87 61 5 28 4 356 39
27 6 18 14 316 53 54 10 34 13 206 2
54 11 17 4 67 20 31 6 2 6 275 78
31 3 9 16 214 3 15 2 20 5 23 4
67 7 2 3 100 11 40 2 33 7 98 22
31 3 66 10 98 17 51 9 43 10 296 81
19 8 11 8 197 20 47 8 39 23 176 47
42 1 2 1 351 12 45 1 12 1 230 34
31 7 3 7 60 18 29 3 6 25 134 42
24 3 65 10 75 10 51 6 13 10 118 2
52 21 7 13 102 7 70 4 18 4 35 9
33 15 33 13 89 4 27 7 32 9 28 4
15 4 31 9 17 2 55 12 15 21 21 6
18 1 67 2 282 33 22 1 31 1 266 11
70 13 16 7 327 81 15 12 58 5 37 10
74 16 17 10 76 21 47 4 23 10 284 22
32 1 48 14 308 22 63 2 12 20 255 27
37 8 3 6 372 106 36 7 58 14 356 29
15 2 33 5 164 26 16 3 21 4 311 69
28 2 31 9 283 40 37 8 27 4 20 5
48 1 15 17 272 21 31 7 7 7 252 59
