63 64 82 47
47 84 50 62
63 81 90 59
49 96 66 83
82 56 54 93
74 61 45 75
60 75 61 74
54 65 98 75
91 65 80 54
35 45 40 57
40 58 24 88
20 26 34 77
57 94 66 44
48 52 62 53
80 74 84 60
61 37 88 59
96 25 48 90
76 77 75 73
46 38 50 38
45 71 82 82
90 39 44 42
60 52 47 75
84 74 69 76
58 87 60 70
81 72 61 52
88 65 84 65
50 49 87 40
69 64 69 69
79 44 70 93
71 44 39 84
89 40 70 54
95 99 61 67
57 28 24 76
48 42 48 91
97 74 51 32
67 57 52 56
69 64 68 66
56 49 65 65
81 75 71 86
57 63 87 26
64 46 61 37
27 98 15 34
