50 78 58 25
31 74 29 74
44 49 54 51
47 54 82 64
73 29 56 35
32 51 34 17
62 54 29 90
90 26 91 21
92 99 69 52
98 81 36 63
40 44 48 34
79 90 77 64
29 69 63 84
83 76 81 84
53 78 71 69
47 73 70 48
58 87 61 47
72 95 72 94
58 52 19 63
67 37 47 39
91 86 32 25
55 56 100 43
23 19 41 20
59 41 33 71
48 82 35 58
66 19 93 61
66 53 29 24
31 90 75 69
51 60 33 42
62 49 43 40
79 83 91 78
100 49 33 48
93 92 90 71
71 81 84 77
55 66 28 44
62 43 51 73
96 43 92 98
64 96 71 46
51 61 61 38
63 69 55 70
100 20 79 57
100 67 69 97
