27 4 16 17 382 104 67 6 12 10 99 26
32 1 3 1 157 44 40 5 3 24 242 51
48 9 9 23 200 50 34 20 20 16 171 49
53 7 19 22 238 29 48 9 38 13 98 9
25 6 48 5 310 91 44 9 9 17 152 36
29 16 21 5 415 120 15 6 72 19 167 28
19 19 30 6 271 57 25 2 18 5 374 75
15 9 23 9 305 11 61 3 38 7 180 29
17 7 15 9 207 6 32 1 26 1 224 73
32 3 53 2 81 12 35 5 41 16 398 36
22 12 22 24 121 30 38 17 50 8 342 84
23 8 52 4 17 1 35 6 44 25 334 55
15 1 20 1 155 43 56 7 28 8 296 95
33 12 56 21 107 8 16 3 32 17 260 38
30 1 28 1 46 3 28 5 27 14 204 45
52 15 45 9 134 42 62 10 9 21 338 11
55 5 4 15 151 3 49 7 11 20 201 59
29 2 7 8 301 2 50 8 7 16 168 19
20 12 30 24 75 14 31 1 29 1 208 44
83 7 11 13 407 103 56 10 22 20 355 91
72 5 13 16 54 7 47 1 11 5 363 60
20 3 30 4 41 11 71 5 7 15 369 24
85 16 3 8 185 10 76 4 7 3 315 79
20 2 70 2 419 51 25 11 9 12 319 5
27 1 4 2 87 12 61 8 17 13 104 6
40 1 8 8 14 2 67 6 11 14 120 8
21 1 45 17 399 28 15 7 40 14 122 20
48 1 32 0 403 70 37 3 12 2 100 30
33 2 8 2 373 36 45 1 14 1 367 62
95 21 3 15 165 6 40 1 20 7 81 4
15 11 18 23 362 22 17 5 44 4 103 21
84 3 7 5 318 47 22 6 19 5 85 6
16 6 69 8 340 55 46 1 29 22 157 33
60 4 35 21 38 2 24 11 48 6 267 35
15 8 57 13 334 30 20 2 10 4 165 15
20 1 18 3 200 25 45 2 19 9 239 74
30 2 37 5 348 110 64 11 34 10 288 26
47 6 41 9 64 9 55 1 9 12 141 9
61 7 14 21 222 10 34 24 38 10 387 92
30 1 3 1 163 52 22 9 46 18 352 58
25 5 64 10 145 34 33 2 11 4 375 75
30 1 35 8 239 41 20 3 14 2 141 11
