19 13 28 9 108 5 68 2 5 3 43 4
81 7 12 22 17 4 43 2 37 14 249 65
24 3 54 18 178 4 19 1 16 6 322 1
50 1 42 1 102 27 32 4 40 6 106 20
50 5 36 22 44 9 50 3 4 4 39 11
26 6 57 5 338 54 67 20 20 13 199 58
43 3 6 20 359 30 22 14 12 12 26 5
19 2 15 3 218 28 22 16 9 17 221 55
80 1 4 1 362 68 32 2 14 2 43 5
59 2 30 13 157 38 28 3 17 8 173 25
39 10 27 19 45 1 32 1 22 0 314 46
25 2 29 5 237 14 29 4 60 20 292 7
25 7 69 15 260 24 33 7 21 10 203 26
48 20 26 6 261 17 31 4 42 6 67 2
22 16 64 10 11 2 23 1 13 2 240 12
20 18 17 6 127 14 27 3 34 5 234 68
29 2 57 2 94 26 25 3 56 2 242 72
16 5 72 17 89 8 25 6 20 23 142 39
27 1 4 0 50 13 23 13 50 9 259 9
65 12 18 10 350 36 45 1 30 6 347 44
63 6 5 3 58 3 21 10 33 24 246 26
21 14 20 12 262 62 74 1 17 5 163 29
27 19 7 14 56 4 31 2 3 2 180 46
35 1 14 3 186 57 21 4 9 12 13 3
70 1 23 24 107 20 36 4 4 17 74 22
23 5 31 10 186 24 55 6 34 22 259 10
32 21 24 13 303 90 71 2 18 2 121 17
21 12 11 20 293 50 18 3 47 7 356 64
54 2 31 9 335 81 21 1 11 11 349 19
42 1 57 10 28 3 28 19 43 14 166 33
28 4 7 22 284 59 28 8 5 8 86 27
32 5 16 15 51 4 65 8 19 12 52 2
38 15 29 22 112 25 73 1 8 3 281 48
17 1 77 20 187 24 35 3 60 2 295 14
44 8 14 7 156 28 46 19 11 19 277 73
56 2 24 12 160 34 24 11 48 6 236 16
42 14 52 12 28 8 44 1 19 2 347 20
27 6 23 8 42 1 41 9 6 18 341 17
