42 9 43 17 402 92 18 13 29 22 120 37
16 4 20 13 123 6 24 2 37 15 46 11
27 2 13 25 215 52 26 7 18 12 380 72
55 1 13 26 124 1 44 10 6 6 26 2
24 11 71 4 38 10 22 8 16 4 355 113
79 6 2 9 274 28 29 9 24 7 97 2
53 2 30 7 338 89 28 24 34 7 304 3
44 5 40 24 200 8 33 1 36 14 230 60
41 1 18 0 90 22 34 13 27 15 70 3
56 2 21 4 362 90 61 2 25 12 227 58
34 2 3 13 319 40 26 11 7 20 182 32
34 4 11 25 245 25 25 21 53 11 358 73
42 8 11 16 60 11 45 9 51 9 260 61
33 7 7 20 305 11 30 1 14 2 129 30
55 3 38 4 305 33 46 19 14 16 212 19
21 7 28 10 269 12 87 16 2 16 65 6
22 11 43 14 337 49 20 4 15 5 118 32
21 1 12 4 15 4 73 23 17 6 10 2
26 6 4 11 79 9 21 11 34 4 391 4
21 5 43 17 219 6 26 1 35 23 269 16
20 5 18 26 379 7 15 19 39 19 395 14
54 7 32 15 14 3 77 3 5 7 180 13
19 16 64 13 27 3 27 10 8 4 206 66
62 5 17 26 106 6 62 1 26 3 375 102
31 6 26 5 54 9 32 6 8 3 33 3
26 1 59 1 377 110 24 10 18 17 349 21
17 1 14 12 413 59 27 5 30 26 273 72
28 6 12 5 169 6 35 2 37 2 17 3
20 1 13 5 33 4 21 2 21 7 347 80
76 24 18 12 57 5 15 7 65 21 20 5
26 8 73 19 167 25 20 17 54 13 136 27
47 6 10 25 10 1 16 6 32 13 244 12
50 13 44 12 152 29 28 1 13 3 410 38
73 5 2 14 215 39 67 7 29 8 232 15
38 8 56 8 194 3 21 17 27 13 254 56
31 22 3 13 117 3 56 3 11 16 225 53
89 1 2 8 305 55 21 24 37 7 74 1
24 2 17 3 237 38 39 5 25 21 240 5
35 2 12 2 45 5 62 10 35 17 108 12
49 1 9 7 35 4 38 1 22 7 48 12
47 10 42 19 105 19 25 18 38 10 142 10
37 7 39 20 412 129 72 7 17 7 191 4
