47 12 9 5 319 42 56 11 30 19 28 4
22 10 24 14 246 55 33 20 9 13 267 82
88 14 4 5 60 4 28 12 35 13 90 13
58 7 31 22 56 7 24 12 6 19 85 1
23 8 18 7 365 29 19 9 34 9 248 45
60 1 2 3 184 35 48 16 18 17 215 31
55 14 31 9 284 63 22 14 63 7 292 13
29 13 5 7 13 3 63 1 2 1 190 19
24 7 6 22 169 18 27 14 34 14 281 48
38 13 26 23 71 4 62 4 19 5 41 1
58 1 35 2 60 15 30 6 22 9 285 44
18 2 53 3 119 16 71 4 24 25 307 19
29 1 8 10 265 7 88 8 10 10 198 54
41 1 50 0 76 15 17 8 21 23 369 97
22 1 18 7 115 17 19 10 70 16 273 19
61 1 6 1 76 24 52 20 10 6 299 12
34 14 65 20 320 28 50 6 43 15 175 9
52 17 35 8 221 23 21 6 9 5 263 69
70 10 8 4 161 28 51 9 44 4 86 14
17 1 45 3 191 31 15 14 73 16 103 23
21 10 14 20 357 52 36 4 48 17 277 29
19 3 48 19 95 11 21 1 61 3 350 76
36 14 10 19 137 37 62 15 5 18 311 21
16 1 21 2 56 10 46 11 31 19 158 7
25 2 62 12 194 27 51 1 3 12 120 36
54 19 23 8 140 38 55 6 3 22 101 15
28 12 13 19 180 52 63 3 33 7 289 22
69 1 16 0 299 67 33 1 10 6 178 33
28 3 64 26 324 36 52 16 46 21 315 12
31 2 3 3 305 35 48 10 50 19 99 5
28 10 63 12 303 65 75 5 17 3 371 75
44 2 53 9 248 65 36 9 26 25 348 42
18 3 16 15 111 26 52 1 15 0 199 53
36 1 5 0 195 52 67 6 32 19 380 47
48 8 37 8 130 25 39 1 21 20 346 100
35 4 10 24 109 31 22 5 12 18 388 88
21 2 65 7 140 13 44 6 46 11 153 45
30 8 3 15 273 80 19 1 78 2 116 24
27 2 42 6 254 14 43 9 14 21 91 7
