58 3 20 13 178 40 41 6 24 3 351 4
52 2 26 6 145 25 28 5 69 8 43 2
17 5 57 24 113 7 34 8 19 15 399 74
54 5 8 26 347 98 84 1 8 4 206 62
78 3 12 25 374 40 84 1 6 20 177 33
21 8 10 11 146 13 64 14 32 7 299 62
24 2 34 15 353 107 42 1 27 5 128 20
72 20 5 9 45 2 76 2 9 3 12 1
26 4 70 5 95 16 16 1 65 0 367 8
26 18 50 6 53 13 62 9 16 10 369 106
33 1 7 0 333 14 46 4 6 18 352 76
25 21 8 11 358 69 19 1 37 0 63 16
23 11 39 4 140 35 34 6 28 11 273 75
30 10 68 17 38 1 54 5 32 3 307 67
20 13 10 16 268 58 71 3 7 7 285 40
52 1 2 5 113 12 72 1 21 4 287 44
17 3 18 15 352 23 79 1 11 1 288 94
76 1 20 0 270 53 28 11 32 14 333 66
43 10 3 4 311 1 62 2 21 16 170 55
25 9 16 20 112 35 51 1 10 8 287 19
72 1 14 1 281 47 25 4 12 4 161 19
27 7 7 20 405 1 19 1 17 3 378 74
17 2 63 15 379 81 23 17 9 12 254 30
17 2 60 13 380 17 27 8 28 18 124 10
32 1 26 0 16 1 26 9 6 13 262 7
83 21 6 15 74 1 33 5 66 17 296 13
15 2 47 18 324 107 33 5 11 19 258 30
17 4 33 13 229 27 24 5 9 4 303 16
27 8 7 15 333 24 21 3 64 25 240 52
60 1 37 14 47 10 22 12 20 24 190 20
45 7 36 5 77 20 20 2 11 3 417 99
57 6 25 24 167 21 36 5 12 6 206 19
29 1 2 12 405 54 25 1 30 0 242 27
30 5 8 6 369 31 40 1 35 10 187 19
23 1 10 1 237 40 45 1 23 0 72 11
52 1 36 24 230 73 27 2 7 15 230 49
24 12 43 10 308 91 23 17 44 8 366 30
33 9 22 9 220 35 34 5 5 16 33 3
21 21 64 9 313 42 15 6 38 19 176 57
20 1 40 10 311 68 28 1 28 2 101 28
35 14 61 15 229 28 26 1 33 23 261 1
34 12 12 13 288 85 79 2 18 11 314 97
