29 1 15 0 347 67 52 13 5 13 18 3
94 11 5 15 82 15 22 5 9 15 409 69
76 3 3 5 165 27 19 1 19 2 163 30
24 1 67 0 78 14 48 12 3 7 123 25
23 9 49 6 92 22 46 1 8 4 402 121
49 13 11 7 51 1 64 12 10 5 308 78
63 2 19 3 195 43 38 9 51 10 136 17
54 1 20 14 21 3 33 9 18 21 161 26
43 4 8 11 105 31 24 9 9 22 70 9
31 8 55 25 330 32 43 1 30 2 414 88
64 10 16 16 206 53 23 4 12 18 167 28
28 11 24 15 290 44 40 12 6 13 390 109
27 4 8 12 127 23 65 7 2 10 304 80
38 4 35 3 356 109 16 3 17 24 361 108
42 18 14 10 168 34 36 24 17 12 287 71
31 2 27 6 259 50 50 8 33 25 241 71
33 19 2 11 370 40 60 1 27 17 254 38
29 4 11 24 410 133 24 8 68 7 266 64
40 2 17 25 307 41 51 4 37 3 352 61
71 1 11 4 58 14 22 19 77 6 349 100
61 16 34 5 336 97 73 1 17 4 173 23
51 17 16 19 119 37 75 22 20 9 278 69
72 26 24 7 390 33 22 1 57 1 315 60
42 2 52 20 311 101 84 2 8 9 204 50
69 5 26 12 347 56 20 1 40 15 30 3
41 13 50 17 99 10 42 7 32 8 202 24
35 6 4 11 286 37 24 17 15 18 340 9
62 1 33 5 222 34 44 2 5 6 325 90
26 1 13 11 101 17 43 5 31 15 229 38
29 6 21 18 86 13 16 6 29 11 20 4
24 3 14 4 235 19 28 7 20 8 224 60
45 12 5 5 74 18 31 1 2 2 253 41
24 5 11 3 300 65 87 3 3 2 379 30
24 4 6 6 378 56 24 7 38 20 205 16
27 6 7 15 231 75 24 5 30 4 46 14
22 21 14 13 251 31 61 7 11 13 198 41
15 2 25 8 213 49 27 9 4 10 398 52
29 7 52 18 406 125 80 15 10 13 329 12
66 1 17 20 89 12 18 4 14 6 409 2
26 16 33 5 195 55 43 9 26 13 365 25
25 7 36 18 291 88 50 1 32 4 349 22
77 1 9 0 130 13 29 12 34 14 19 2
