48 1 4 9 20 2 61 14 20 12 216 48
28 12 3 14 305 51 30 6 4 13 350 6
40 18 13 8 292 26 22 4 13 3 281 36
25 3 42 13 131 8 66 2 21 6 170 1
77 1 9 20 63 18 34 1 53 2 356 11
64 1 30 2 141 10 15 3 56 6 150 47
23 12 50 23 151 1 43 5 13 16 124 35
23 7 61 9 157 28 19 3 12 13 156 2
15 20 17 15 371 75 40 14 58 14 286 64
18 5 17 10 34 8 19 16 35 17 266 10
17 6 40 9 315 50 23 20 10 15 274 36
63 1 24 4 245 12 23 1 62 5 216 51
31 1 68 2 227 7 36 3 54 26 52 9
18 4 17 3 339 103 16 1 53 2 381 56
18 7 71 3 39 1 32 9 39 7 254 58
38 4 32 13 287 29 60 13 13 15 250 48
39 4 31 8 227 28 26 4 36 8 109 13
41 13 30 20 351 90 43 9 55 9 232 63
68 5 29 3 177 18 21 8 26 11 144 6
54 3 21 14 152 23 15 4 74 5 105 24
30 8 9 13 116 11 34 1 3 10 163 51
68 4 20 9 146 20 15 1 65 6 388 63
50 1 31 2 137 40 53 3 6 7 208 28
39 3 20 5 114 34 47 1 4 1 228 42
75 1 21 3 321 51 32 20 28 9 375 76
48 12 38 7 139 42 40 2 25 6 61 8
33 12 26 21 275 25 15 3 70 15 334 87
22 1 37 2 292 27 59 7 20 8 365 42
16 7 73 7 127 5 61 4 12 13 272 71
50 9 41 17 104 24 25 1 74 4 260 39
21 1 44 7 51 5 29 6 18 3 387 98
24 1 61 8 340 15 37 1 15 0 381 52
72 1 24 13 266 7 31 2 45 8 377 6
18 5 68 13 42 5 20 10 38 12 89 2
32 9 23 25 146 27 22 11 18 6 171 23
21 8 28 12 186 34 61 2 30 3 29 8
28 12 56 10 55 16 94 11 4 16 227 44
22 5 10 6 52 2 30 9 12 25 115 24
75 3 11 9 187 9 28 7 66 15 155 31
