29 8 46 7 278 73 39 2 38 4 194 18
56 11 28 6 175 10 17 20 13 6 19 4
38 17 31 5 40 9 21 25 19 10 128 41
35 7 9 8 203 42 41 1 55 4 117 13
27 11 63 24 119 8 49 6 31 18 101 26
42 7 41 3 383 40 36 1 4 24 301 9
45 5 2 20 123 18 30 21 12 13 238 36
15 8 29 8 165 12 47 1 35 3 173 12
53 1 28 3 351 104 41 20 26 13 117 15
78 2 5 4 84 23 62 4 2 17 147 46
49 19 9 12 76 15 19 11 44 4 147 4
40 24 25 10 357 62 21 14 14 23 346 20
16 1 25 5 243 39 42 1 4 0 222 16
94 2 4 2 377 102 65 2 18 2 363 62
48 6 42 9 262 27 42 4 16 5 48 13
18 5 28 18 267 21 38 4 41 5 194 45
22 17 33 16 322 27 49 3 24 6 288 32
19 2 37 2 63 3 23 14 20 12 90 20
17 5 53 6 279 50 34 1 3 10 259 40
46 1 12 16 102 28 20 1 18 9 44 12
32 3 52 15 325 90 25 10 13 19 246 36
64 7 11 24 24 7 20 1 59 0 332 82
51 10 12 6 337 76 45 13 3 9 256 17
55 3 25 11 80 4 22 17 12 20 211 56
52 4 17 4 128 12 21 9 10 4 32 4
36 1 6 0 72 5 63 9 2 15 377 33
20 8 69 18 183 2 16 9 79 23 135 41
69 4 4 3 130 39 36 7 45 9 56 8
46 19 33 14 301 35 28 8 6 17 156 5
23 1 36 1 199 61 31 15 17 16 259 69
54 2 44 2 389 63 27 3 38 2 106 19
51 2 13 2 309 87 28 1 64 16 206 25
18 1 27 1 384 93 26 7 11 14 356 70
37 8 15 17 170 12 28 1 15 5 253 5
26 1 9 11 178 18 39 4 35 4 304 63
90 18 5 15 308 3 59 7 22 14 27 4
57 9 42 4 360 73 21 19 33 11 372 34
61 16 34 17 133 10 55 17 11 5 262 47
44 1 10 2 41 1 42 10 26 13 330 69
28 10 16 8 255 9 19 5 12 13 182 46
