64 1 26 12 358 88 54 3 25 9 310 86
35 6 8 6 191 9 44 13 28 9 176 11
38 4 60 6 139 16 44 18 54 6 67 2
28 14 46 5 415 14 32 1 6 13 310 88
17 5 51 3 78 1 51 1 38 1 80 15
49 16 42 10 386 92 55 1 17 1 140 9
26 5 5 6 375 87 45 1 34 22 415 107
65 10 8 19 374 101 20 5 18 7 235 23
20 16 51 10 278 80 22 2 37 2 366 88
32 1 41 2 325 59 34 3 42 6 329 63
42 10 10 25 256 39 29 6 54 25 405 48
23 5 59 20 335 19 18 4 64 23 96 21
92 7 3 14 260 50 17 3 55 17 223 18
43 17 2 16 94 30 25 9 43 16 414 87
42 25 4 10 268 42 15 23 33 12 69 6
57 18 30 14 203 10 37 6 41 5 282 77
30 4 2 19 130 18 18 12 22 5 251 36
20 7 29 3 63 9 17 6 22 9 115 32
42 8 46 17 92 14 47 5 7 25 121 33
19 5 26 15 283 85 22 19 9 11 147 14
23 8 66 18 308 27 15 19 57 11 255 11
38 4 20 9 340 10 15 2 69 26 304 67
15 1 59 0 258 78 54 1 37 1 202 16
38 1 2 4 234 20 27 1 4 1 369 74
41 5 9 14 36 10 41 5 27 6 386 86
28 4 22 9 285 26 28 17 46 16 95 13
21 4 31 13 337 107 47 7 4 10 169 29
16 8 16 13 165 46 53 7 14 14 269 62
40 2 16 14 202 21 15 3 26 2 304 57
23 4 68 11 157 10 64 2 29 12 305 83
24 1 34 14 381 46 42 3 22 6 369 7
24 7 45 22 387 10 67 15 31 9 141 5
24 1 46 7 127 41 22 3 36 13 338 61
42 1 26 2 225 11 28 8 57 25 297 39
27 1 48 21 388 121 27 12 5 9 50 6
81 1 11 3 396 112 73 1 9 1 276 28
29 15 16 21 127 37 64 16 30 13 249 42
55 14 7 15 299 48 23 3 41 2 411 18
24 7 24 17 312 3 35 3 13 2 300 10
43 9 19 23 98 20 22 12 24 16 233 18
22 14 17 14 136 27 27 6 13 5 391 118
45 17 19 10 259 61 37 4 54 11 231 61
