28 3 23 10 84 2 44 11 46 17 149 20
24 15 56 17 180 41 71 11 20 22 49 15
17 1 24 1 222 36 57 3 5 26 75 6
65 10 13 16 245 18 34 12 4 5 225 28
77 12 17 5 171 26 16 20 14 13 197 28
34 5 40 26 388 85 47 2 33 11 320 65
86 2 8 11 257 58 42 14 52 16 211 36
32 2 28 17 361 27 70 2 17 3 142 15
52 7 4 9 102 12 29 3 43 9 202 2
73 8 2 12 387 13 30 2 20 3 129 37
25 6 8 10 196 16 71 2 10 24 163 33
34 11 20 15 195 5 38 6 39 11 179 45
16 1 15 1 333 52 54 10 17 18 48 11
56 5 24 7 204 14 53 14 8 19 331 72
21 1 20 0 26 6 29 1 10 4 275 85
15 25 20 7 177 58 36 2 50 6 137 10
58 1 14 0 19 4 37 22 40 15 283 2
66 1 7 1 119 31 36 3 22 18 32 8
72 2 18 9 79 18 28 9 50 18 84 16
36 2 8 12 178 14 42 14 53 7 195 59
33 6 34 18 328 25 18 2 12 13 292 18
55 3 32 6 33 4 34 9 24 10 374 83
50 4 2 12 44 6 31 13 19 9 158 12
21 6 68 3 389 122 65 18 28 14 262 57
24 1 74 1 14 2 62 5 26 25 259 11
19 5 12 12 249 11 24 13 57 13 290 87
64 4 32 9 68 18 84 1 15 0 343 84
25 2 8 12 293 31 35 16 40 5 116 33
31 4 2 3 364 57 33 6 21 13 221 59
21 23 18 14 97 13 25 8 21 22 111 31
50 1 3 6 153 4 50 4 24 5 161 47
37 1 9 1 59 7 29 20 6 9 101 28
17 6 29 21 209 46 48 2 38 9 210 54
31 2 3 6 216 15 16 3 16 11 234 51
25 19 27 11 308 21 15 25 28 10 199 61
49 2 28 4 235 62 76 4 16 5 179 8
29 3 10 5 86 3 41 3 47 19 96 31
35 10 27 12 81 20 51 24 12 7 28 5
40 1 13 13 161 23 17 3 23 8 291 58
