48 1 15 1 340 8 16 1 83 0 222 37
49 6 6 26 253 17 60 9 32 14 217 58
20 3 14 12 363 112 26 5 32 10 223 55
26 1 27 0 170 34 17 1 74 2 187 26
44 2 2 3 173 50 20 14 47 23 41 7
22 10 12 18 352 4 86 1 9 2 19 3
25 1 74 0 193 29 22 1 8 0 226 21
28 1 4 0 93 1 28 21 71 15 301 81
42 18 10 17 251 62 31 1 8 3 185 57
36 2 51 3 364 1 29 2 27 5 156 20
35 6 8 6 189 16 95 10 3 17 263 60
32 14 32 21 158 41 52 13 25 13 50 12
24 2 60 23 17 1 17 12 15 7 374 28
58 1 6 0 159 25 27 3 28 25 358 46
31 12 25 9 30 4 59 1 9 1 314 13
37 2 45 3 100 5 57 7 14 5 310 57
32 14 8 9 281 1 37 22 12 11 111 3
51 22 10 9 282 45 69 9 29 17 214 54
20 9 12 6 146 29 40 16 9 13 74 18
60 10 35 16 30 9 19 2 65 20 112 28
23 19 45 8 307 59 17 12 26 7 10 2
35 3 20 8 220 23 16 1 14 0 323 28
22 4 77 6 145 13 34 6 43 3 53 15
25 1 50 4 339 17 24 6 66 5 251 5
20 4 38 14 269 2 72 2 14 3 382 119
23 13 24 23 116 31 25 9 13 4 268 43
79 8 6 13 363 84 32 21 38 9 244 41
40 1 21 1 114 20 28 14 2 11 93 12
41 14 36 20 134 15 62 2 16 8 382 59
30 18 49 18 200 13 19 8 16 17 22 2
30 2 18 7 49 13 73 22 12 15 237 68
22 1 15 2 142 23 16 3 47 16 23 1
56 2 12 24 63 19 23 5 70 10 317 75
32 1 36 1 305 95 29 13 56 5 367 76
41 19 10 19 225 69 41 7 33 22 26 7
29 3 47 6 185 51 42 1 34 0 369 79
60 1 39 1 121 25 27 2 33 18 180 51
61 10 29 17 123 3 73 3 21 12 62 1
30 2 44 2 152 29 22 9 49 4 20 1
