22 4 53 3 100 11 55 5 15 6 362 63
32 8 40 25 355 76 53 10 19 22 252 26
29 1 32 0 334 41 42 17 46 18 213 29
28 11 6 17 14 2 66 2 5 18 362 7
17 5 51 13 209 6 72 6 16 3 195 27
47 18 41 20 257 62 36 12 45 5 110 8
51 4 21 5 375 5 63 20 25 16 62 1
42 1 54 6 10 1 20 4 70 6 163 5
20 15 52 8 54 4 15 16 20 13 83 16
37 1 9 7 352 53 70 5 9 6 144 32
37 8 8 11 150 35 78 8 3 4 288 71
26 18 4 10 135 25 42 10 11 22 50 11
33 7 15 8 28 7 64 6 13 26 227 34
78 24 7 7 75 23 50 6 46 10 85 8
49 9 9 14 343 112 88 2 6 5 335 38
17 4 17 4 301 79 30 17 7 18 17 1
48 2 26 5 152 23 31 7 52 13 356 110
89 12 10 7 332 105 52 3 39 9 112 1
39 1 51 5 116 24 29 3 53 8 327 99
30 3 2 23 23 6 51 10 11 6 95 13
40 5 31 3 347 90 44 16 10 5 249 43
48 8 50 20 180 3 27 3 24 8 257 74
30 4 63 16 346 33 25 2 10 6 345 99
20 1 11 12 125 13 16 2 23 5 42 10
41 6 27 3 360 116 16 11 42 21 36 4
21 4 18 5 289 67 81 2 9 2 336 63
46 1 25 2 74 2 53 6 8 13 26 7
33 4 52 17 75 8 76 6 20 16 230 57
26 4 12 9 211 46 33 15 52 22 235 49
22 19 42 6 201 21 23 3 8 12 155 21
29 1 4 2 295 3 85 16 9 8 252 83
35 6 39 26 163 36 39 17 2 10 318 100
33 7 54 7 29 3 28 8 20 7 98 28
18 3 16 16 338 1 30 5 4 25 269 82
25 12 11 13 181 2 38 1 39 2 98 23
43 10 2 20 124 35 29 1 30 1 25 5
22 25 30 10 25 6 40 4 6 24 231 70
52 7 42 21 121 38 71 1 9 2 137 33
