16 5 73 3 27 3 69 8 2 8 137 32
27 6 40 21 203 62 30 18 68 14 241 25
18 3 35 6 18 2 72 15 24 9 397 70
39 18 14 17 256 65 47 2 4 13 328 64
31 2 43 5 22 5 26 1 23 2 233 63
24 11 14 8 220 8 41 2 22 7 86 20
52 2 22 3 315 14 45 3 3 4 47 2
15 7 65 20 47 2 32 16 60 8 170 44
80 4 19 3 111 22 26 7 42 14 30 9
76 7 2 12 301 37 16 7 54 14 283 3
23 2 19 7 95 14 30 6 25 18 137 7
37 1 25 0 274 7 71 1 4 2 253 66
80 3 12 17 366 22 49 6 40 15 321 10
18 5 38 9 285 63 25 5 47 4 373 38
24 13 8 12 211 27 56 1 22 1 219 25
23 7 12 3 65 4 63 18 10 8 246 65
42 1 49 1 57 14 38 7 47 7 85 10
49 16 32 10 282 55 21 4 36 6 385 44
77 4 21 11 304 24 27 10 21 21 218 13
27 8 13 7 172 37 29 2 10 3 219 25
27 5 7 4 313 28 58 6 32 3 16 4
26 7 37 7 28 7 72 6 8 19 77 4
37 12 52 9 240 25 36 18 14 10 288 78
79 1 6 1 143 25 77 1 3 0 73 19
31 5 19 21 31 3 62 5 15 4 362 25
59 1 5 9 304 73 34 11 15 8 33 1
38 2 13 11 82 11 15 2 15 21 155 27
25 3 6 18 342 38 39 22 13 9 192 4
35 1 30 1 54 6 26 1 10 26 237 12
23 2 51 23 145 32 57 1 8 1 91 12
39 1 14 11 373 123 68 8 3 12 132 21
23 14 10 15 352 18 55 3 25 11 359 26
62 10 25 8 231 52 44 11 50 8 286 91
32 4 9 3 150 17 24 4 23 13 344 3
30 1 7 11 265 6 20 7 10 14 335 80
43 4 30 12 74 12 49 9 14 6 55 15
30 7 69 3 261 27 26 12 5 5 133 1
33 7 25 9 395 58 25 2 71 11 196 6
18 6 29 3 134 40 19 2 74 2 113 4
63 2 27 5 38 10 27 9 34 4 176 16
53 7 22 3 195 61 42 9 8 15 170 42
