68 1 19 1 225 16 26 9 63 14 328 87
29 6 17 3 23 1 35 4 5 4 119 38
16 5 78 4 344 36 61 3 37 13 55 2
32 1 17 19 291 22 17 11 19 10 100 3
56 3 14 6 62 16 32 14 4 11 177 21
22 7 30 8 17 1 37 5 7 14 79 8
68 1 29 13 313 1 44 1 11 7 108 5
22 1 21 0 42 3 61 11 13 4 25 6
16 8 31 6 309 65 27 1 15 1 211 21
24 2 40 3 159 21 75 3 21 2 109 15
16 1 63 1 284 30 48 6 7 21 82 9
16 2 16 14 148 22 22 1 40 8 63 7
24 9 70 12 76 8 39 7 53 9 394 12
42 1 34 0 25 5 44 1 9 1 203 27
29 11 32 19 46 12 49 20 6 9 82 3
18 13 18 21 184 19 36 4 20 11 158 28
33 8 4 6 381 34 29 19 5 8 50 12
39 4 10 14 24 5 59 11 28 6 158 44
29 1 34 20 335 48 55 6 30 8 32 7
68 3 11 10 91 28 17 2 76 2 251 79
74 4 9 5 373 30 36 3 22 2 28 2
71 1 18 5 299 64 31 17 42 8 394 29
35 3 11 8 209 68 41 14 13 18 229 33
38 9 24 10 310 70 41 17 41 5 364 73
36 2 5 25 58 9 28 2 39 2 45 2
33 15 41 11 264 24 47 2 13 15 226 59
27 8 3 7 121 10 35 15 60 9 90 23
47 2 35 4 319 72 25 1 71 15 368 26
42 17 43 15 232 37 27 1 11 1 106 31
15 7 24 9 30 2 21 6 28 8 319 8
33 2 15 2 364 2 46 6 12 6 324 10
25 6 17 19 390 108 39 21 33 6 316 90
16 1 27 2 215 33 27 7 30 10 38 10
28 8 3 18 394 60 19 15 24 13 307 60
15 9 17 17 258 37 29 19 37 12 280 16
67 20 8 16 106 25 24 9 6 25 146 46
18 6 72 5 335 66 45 2 28 7 90 21
56 1 35 17 161 44 18 9 28 15 167 1
18 4 21 13 303 99 61 19 4 6 156 33
53 4 2 3 392 116 26 8 14 12 293 9
