41 8 13 12 130 29 41 13 36 20 109 21
32 6 12 5 357 93 37 2 43 24 161 43
15 1 43 1 151 24 40 2 43 3 351 28
20 12 57 21 105 3 67 3 14 7 376 65
58 1 12 23 118 5 48 13 5 5 364 55
26 6 49 3 153 8 23 7 48 7 40 9
30 4 41 14 239 54 59 2 27 2 175 14
57 10 3 6 324 48 30 4 40 12 85 24
25 12 35 16 220 13 71 11 26 20 56 13
39 8 11 12 271 31 52 23 30 12 293 62
30 13 13 12 175 32 16 17 19 12 57 14
35 3 64 4 11 2 28 7 18 13 283 56
17 1 82 7 82 12 46 2 36 6 263 83
18 4 75 8 23 4 52 3 12 18 379 14
48 17 17 12 222 42 37 6 50 8 318 73
18 7 67 14 276 55 63 15 31 22 238 73
54 1 15 0 211 46 66 2 7 3 92 25
21 7 18 25 234 15 18 3 26 2 228 42
86 2 3 5 181 59 42 15 14 13 27 3
19 1 45 4 131 26 44 2 8 4 15 1
51 1 6 1 279 20 31 4 2 24 329 22
29 5 11 3 164 15 33 9 42 7 239 23
70 2 8 2 263 26 30 6 10 10 282 82
57 16 35 8 59 5 41 20 27 6 207 20
19 9 42 7 244 25 15 3 65 5 256 25
21 4 20 5 279 13 40 2 33 13 300 91
30 15 7 21 240 16 47 5 29 13 355 24
24 17 21 8 165 48 68 13 23 23 254 29
51 5 35 14 57 12 19 16 39 13 47 6
35 1 64 0 158 48 22 1 25 6 305 29
37 6 14 16 333 50 60 1 27 20 18 5
53 2 45 3 295 65 18 2 14 6 161 14
25 2 41 2 36 8 65 21 33 11 359 2
23 3 42 15 14 1 61 17 15 5 377 61
15 13 24 7 283 52 52 16 3 15 127 27
66 10 23 17 112 27 76 1 9 12 124 5
23 8 14 6 87 4 35 6 12 11 152 2
73 7 17 17 28 5 53 9 29 7 100 3
