24 1 20 6 52 15 32 1 38 4 350 80
71 1 26 4 25 6 34 13 30 9 155 18
51 12 46 17 326 74 49 7 29 21 238 56
42 2 8 23 253 1 32 2 31 23 20 3
19 3 59 2 187 48 32 20 41 9 120 23
64 8 34 13 390 5 43 9 51 7 60 10
61 3 5 25 205 4 60 4 9 8 170 3
61 18 3 14 91 14 19 2 61 2 288 93
40 4 12 4 134 10 19 13 29 9 367 76
39 4 47 16 387 124 40 2 40 2 84 22
73 2 12 6 199 37 15 1 37 7 39 2
17 7 19 26 152 3 16 1 65 3 186 32
51 9 33 20 60 18 33 1 2 16 357 31
74 14 5 11 336 9 46 3 9 5 242 31
23 9 10 18 303 14 42 11 54 8 183 6
46 14 40 14 50 13 58 21 12 6 44 7
23 1 17 1 281 28 44 1 38 1 300 74
45 10 54 24 67 11 27 5 8 15 142 15
28 3 7 6 180 35 55 4 24 15 181 44
27 14 69 15 309 24 46 1 24 1 295 23
75 1 22 1 275 25 25 2 37 25 31 7
21 4 16 3 79 1 48 5 48 9 249 35
69 1 3 6 118 12 72 3 8 11 232 41
30 5 56 7 256 3 31 12 15 13 122 8
43 12 45 12 146 4 31 1 24 1 184 41
31 1 52 1 249 20 77 2 3 3 89 8
60 4 7 5 121 14 28 20 27 9 376 69
50 9 38 9 281 76 42 2 41 24 306 59
22 9 57 25 61 16 15 17 30 18 310 81
23 1 11 2 258 64 35 9 20 13 195 33
76 9 8 7 395 100 51 1 9 2 250 55
28 1 30 1 206 28 44 5 7 9 86 11
15 1 41 3 34 4 29 5 9 24 256 12
18 3 29 5 288 15 38 1 42 4 362 80
42 1 29 11 328 73 35 7 4 3 183 44
19 6 64 9 79 19 16 8 34 13 263 19
51 15 15 21 283 82 70 13 5 9 241 57
66 1 29 1 157 10 31 5 7 4 191 43
19 8 35 21 112 6 52 2 35 3 217 62
66 1 14 0 149 11 57 1 38 3 314 19
