30 1 63 2 80 3 28 1 3 0 68 12
30 20 27 6 54 12 18 3 36 7 65 1
77 7 18 5 338 22 29 1 42 0 216 30
18 1 15 1 146 8 47 6 47 9 109 17
56 1 30 4 308 93 33 3 45 5 208 62
16 2 35 4 138 6 32 4 5 8 214 16
19 1 28 10 277 45 33 6 49 8 252 15
51 3 39 2 91 15 22 3 31 10 296 58
21 1 23 0 249 5 68 19 20 11 368 118
61 11 17 4 371 111 69 2 6 10 165 20
41 13 17 5 114 18 21 4 15 19 187 48
43 14 2 9 40 5 27 1 13 2 132 8
22 13 9 7 195 3 17 11 48 15 294 54
29 12 54 9 299 12 58 1 20 1 77 16
25 2 17 10 232 63 50 9 4 15 216 1
34 8 4 15 255 61 74 14 9 16 27 6
25 2 8 5 12 3 27 2 7 3 27 7
50 2 42 13 154 14 24 8 34 7 239 18
21 6 30 3 312 97 73 6 8 8 397 33
29 3 24 2 169 24 64 1 35 2 301 78
73 1 11 1 125 7 37 1 31 4 236 71
34 6 37 5 103 8 35 5 61 9 167 31
35 4 32 10 292 78 27 5 34 8 143 20
66 2 16 3 294 78 52 5 5 8 206 61
25 1 13 2 200 29 37 15 29 18 160 32
41 8 6 19 10 2 61 1 27 1 310 82
15 3 17 22 86 10 32 15 51 22 69 13
72 4 3 14 65 9 38 12 13 14 146 25
26 6 11 6 188 11 90 6 7 16 202 25
76 13 23 7 308 80 43 15 37 14 126 17
72 9 10 18 297 98 35 3 5 2 291 47
50 9 11 6 340 61 69 2 11 23 355 68
31 1 54 1 302 77 41 11 3 6 275 5
56 4 9 4 248 30 15 3 71 24 244 42
58 20 27 15 185 12 35 12 48 5 74 9
58 2 23 6 376 55 71 10 23 22 105 4
49 9 12 7 205 28 91 14 7 5 120 15
20 2 72 10 274 86 27 5 52 4 292 93
40 8 2 10 59 13 21 5 16 17 217 60
55 1 10 1 60 16 19 1 50 0 242 78
