48 9 36 13 78 3 30 4 10 6 131 3
21 13 13 7 205 28 18 13 17 12 224 50
30 13 16 15 335 42 21 5 19 18 267 70
34 2 60 6 272 73 48 1 31 4 304 100
27 2 55 13 350 47 41 12 43 7 354 39
44 7 15 10 187 31 25 1 63 0 254 20
25 22 46 15 323 102 46 9 3 6 208 64
73 2 3 15 13 3 42 8 29 12 83 14
23 10 12 6 60 12 23 15 10 11 148 3
72 12 8 5 63 4 68 14 9 23 378 17
78 1 12 1 337 106 17 1 19 0 384 74
31 7 28 16 339 4 20 3 16 20 63 16
45 1 25 0 92 20 81 5 4 8 105 20
18 16 18 19 247 8 51 3 8 15 94 3
17 13 37 22 22 3 31 7 18 15 237 45
52 2 22 9 378 8 25 3 7 8 51 6
59 2 21 10 290 66 16 13 35 15 356 80
43 15 46 22 91 26 28 2 61 2 47 8
46 1 20 0 263 66 25 1 34 17 384 105
33 4 52 14 252 13 43 8 52 24 266 69
73 6 21 12 385 28 44 1 25 2 28 4
41 1 24 6 159 6 27 5 6 26 64 18
52 2 40 7 206 61 56 2 40 8 126 26
37 5 37 17 212 37 30 4 10 8 364 37
44 1 20 3 387 120 27 3 48 10 352 45
23 11 62 20 44 1 16 1 35 3 371 81
48 20 6 16 154 47 18 5 15 13 180 38
60 3 16 4 316 69 61 10 5 4 123 39
45 11 52 11 189 8 40 10 33 24 198 54
16 3 21 15 256 78 48 3 24 2 12 3
52 6 7 18 49 5 65 7 4 5 99 25
43 1 31 9 348 81 17 12 56 10 15 3
39 10 57 14 222 5 85 1 3 0 327 85
23 4 18 4 319 96 23 13 11 18 355 63
22 1 77 15 259 28 51 1 6 0 85 22
33 23 33 6 244 32 62 2 21 4 202 53
78 3 21 4 88 17 85 1 7 0 380 46
30 12 19 16 201 60 46 1 23 15 159 31
51 10 15 11 311 75 26 1 36 20 294 80
67 1 15 0 91 21 32 19 10 6 254 43
