20 1 17 9 271 13 25 1 38 1 348 88
27 14 35 5 139 42 42 4 6 14 273 30
19 1 12 1 165 37 19 2 13 25 265 11
26 2 71 3 44 3 27 22 6 11 41 1
32 18 5 8 378 95 15 17 75 20 141 27
47 12 21 5 46 8 23 14 15 14 291 60
16 1 48 1 362 82 27 3 14 4 356 32
17 4 66 14 253 46 42 22 46 13 249 1
19 12 28 18 171 52 63 18 6 20 224 3
17 9 20 7 141 13 83 5 16 10 155 48
58 1 18 0 332 10 21 15 54 5 285 38
51 1 14 0 256 35 38 1 9 7 355 14
44 14 21 12 295 79 36 7 46 15 114 5
42 16 19 13 103 7 26 2 8 2 76 24
28 2 56 4 35 3 19 6 48 19 209 40
22 2 23 6 133 32 91 1 4 9 83 26
59 16 7 16 191 16 27 16 41 17 218 69
38 2 27 2 100 15 40 10 26 22 363 110
56 17 26 8 84 26 21 3 37 2 359 86
52 1 12 1 348 1 28 10 14 21 268 60
45 1 23 1 330 95 22 13 38 7 20 2
69 7 27 21 42 3 44 4 13 9 119 37
22 13 66 7 139 33 16 12 20 23 351 107
90 8 3 6 374 71 57 12 29 7 329 96
21 8 38 7 98 26 22 5 20 10 235 71
42 6 44 14 94 10 21 4 20 10 43 6
31 1 58 0 214 5 66 4 24 8 335 58
20 16 19 19 215 10 41 1 10 0 357 78
93 11 4 16 53 5 21 13 60 20 54 2
26 6 44 8 260 28 19 4 27 12 69 3
54 11 17 19 282 18 19 9 46 24 104 3
76 9 7 12 232 12 63 1 31 7 261 23
26 10 40 14 320 73 37 14 20 14 227 37
31 14 3 9 77 5 34 1 10 0 213 4
41 10 48 12 81 19 58 16 14 10 180 2
29 19 53 8 101 10 66 24 15 12 234 64
46 11 31 24 192 56 24 17 12 10 34 2
24 5 66 13 150 49 26 1 29 5 291 23
