26 7 7 13 117 34 32 10 55 16 378 36
40 2 54 2 249 54 64 9 9 21 22 1
25 11 17 23 28 1 54 4 25 3 93 9
22 15 32 14 186 7 44 5 4 19 17 3
38 11 22 23 105 1 53 12 4 7 192 26
22 11 30 22 78 23 19 13 29 13 368 26
18 1 33 7 121 17 31 6 46 19 244 9
18 5 20 6 375 35 21 2 60 8 177 45
26 1 37 1 347 39 22 1 19 0 41 3
36 7 30 17 219 52 36 1 29 2 335 21
16 1 29 2 142 25 15 7 47 12 273 19
50 12 29 14 74 20 26 11 6 14 292 79
21 9 44 10 319 37 37 4 21 21 355 4
25 14 13 5 361 90 77 4 18 5 116 17
37 3 62 7 70 10 43 3 3 2 31 5
64 2 31 20 136 31 65 13 5 15 212 65
41 10 19 18 13 1 36 2 28 11 225 73
32 20 64 6 189 36 24 2 62 4 197 58
27 24 10 12 18 4 17 10 45 18 50 1
26 7 25 24 169 39 17 10 48 18 128 31
39 18 4 12 356 30 18 13 67 22 15 3
26 5 8 16 14 3 57 1 8 0 211 12
59 7 15 15 360 13 47 7 8 7 385 35
36 6 11 13 375 106 49 4 12 14 340 72
19 16 47 8 46 5 16 3 36 15 183 43
34 16 39 21 132 3 33 7 3 12 137 31
29 21 5 6 395 93 41 2 38 25 193 58
30 1 5 13 57 15 61 3 7 18 252 35
58 3 11 20 247 1 30 1 67 3 283 66
41 4 57 6 85 13 15 2 53 6 62 19
59 1 15 0 97 22 28 1 5 22 363 32
75 1 9 0 316 59 61 9 28 17 25 2
19 3 43 16 42 6 20 6 39 12 111 6
39 6 3 10 284 62 25 3 74 2 106 17
22 5 73 4 355 81 45 1 4 2 170 24
15 7 18 18 310 50 22 4 11 12 51 8
75 7 6 10 333 59 24 1 35 14 372 29
45 4 9 8 388 40 28 5 33 4 338 81
69 7 9 16 398 116 16 1 17 6 251 56
28 10 13 4 189 12 15 11 41 16 142 42
