18 24 41 12 336 74 33 8 56 19 84 12
40 3 31 5 271 84 19 4 50 19 195 61
32 10 26 25 157 17 39 7 26 7 296 45
57 1 34 6 28 4 18 1 24 2 330 81
28 1 16 3 378 79 15 7 18 5 182 12
32 8 7 7 107 23 33 5 8 13 373 16
63 8 3 19 55 1 22 8 72 18 369 95
41 15 5 8 256 51 43 6 54 20 104 5
69 18 16 12 208 31 62 15 22 18 304 20
57 10 40 18 159 25 26 1 20 3 165 29
28 6 29 8 156 24 59 1 10 5 34 3
45 1 28 0 150 3 22 15 11 21 313 50
17 18 30 20 134 28 25 5 57 21 171 5
67 3 18 12 251 33 31 1 15 5 183 14
42 4 21 8 373 91 17 15 53 17 360 108
57 6 39 3 115 32 92 6 5 5 265 68
38 10 55 25 76 8 20 1 31 1 321 74
36 25 3 10 224 22 32 1 21 2 303 79
31 16 66 15 81 10 18 4 65 13 103 11
40 6 12 24 36 10 62 14 14 20 265 49
78 3 8 14 169 2 44 1 3 0 98 17
42 1 4 1 316 104 21 7 68 3 367 54
17 16 17 19 55 6 43 10 9 20 301 75
68 1 7 2 332 24 24 14 15 7 106 29
31 1 10 1 72 4 22 1 59 0 108 26
20 1 50 2 51 12 37 1 51 0 358 15
62 9 33 9 48 5 19 25 36 7 302 97
22 12 29 19 240 6 49 2 5 14 19 2
64 3 31 18 213 1 45 11 8 11 238 63
15 12 35 18 46 5 69 23 11 12 122 20
81 1 11 17 130 41 44 19 42 11 212 6
40 15 2 11 231 27 57 1 37 0 236 32
60 3 5 11 321 40 35 26 32 7 337 78
75 7 12 21 241 65 19 1 63 0 83 14
43 22 38 15 29 6 71 9 2 10 187 37
51 10 21 16 22 5 32 16 42 12 42 12
28 8 61 17 298 92 20 17 45 8 101 4
58 4 2 3 346 14 47 2 37 6 44 6
