72 25 65 53
60 53 57 25
47 48 50 28
37 80 60 55
70 85 85 48
29 27 59 23
42 82 47 60
70 84 67 43
57 55 51 54
89 92 80 95
60 71 63 17
55 42 60 66
44 57 58 64
54 82 98 90
40 77 76 43
42 49 30 56
58 57 22 96
18 48 15 16
76 29 82 44
52 62 75 72
79 55 99 92
50 66 60 54
71 73 79 59
59 61 61 75
44 47 43 46
53 73 38 56
32 30 39 36
58 59 67 64
49 49 53 50
56 59 35 73
80 86 66 41
73 71 83 62
94 63 38 46
49 77 88 46
25 70 43 32
54 40 63 69
61 90 96 58
62 71 74 82
73 46 68 81
78 39 66 65
45 73 55 67
50 58 41 48
