24 1 45 0 382 118 31 8 25 4 146 4
22 8 12 8 93 30 34 23 16 6 105 3
28 23 20 14 317 73 27 14 39 14 100 24
35 1 5 0 93 30 55 22 43 15 39 8
19 1 30 0 36 3 87 1 3 16 251 21
18 3 56 4 43 5 40 6 43 8 234 28
38 10 47 25 409 124 44 10 40 11 345 1
21 1 24 0 372 67 55 19 30 11 224 62
28 7 4 15 131 41 25 11 24 20 335 104
36 2 12 10 110 6 23 13 61 13 24 4
30 9 31 13 304 2 41 3 9 4 298 55
32 1 63 0 238 20 37 26 4 7 94 15
18 4 52 9 369 9 90 21 9 11 88 2
23 19 8 8 305 61 35 3 64 8 72 20
47 1 17 4 153 15 19 2 13 2 290 23
51 14 23 12 222 35 40 7 18 20 409 31
41 15 55 9 195 12 36 2 7 3 290 4
80 11 18 6 217 16 62 4 14 5 175 27
29 5 22 15 12 1 58 4 21 5 227 30
35 3 11 7 316 59 34 4 34 5 255 68
16 4 53 4 243 14 55 3 6 9 187 47
33 9 21 14 213 5 16 4 79 3 239 21
17 3 55 9 320 86 31 6 7 22 252 24
46 14 17 12 384 61 47 2 3 3 272 27
63 23 3 12 35 5 46 4 39 3 381 110
61 4 24 18 27 3 21 9 75 12 275 9
65 1 26 2 142 25 16 14 37 21 358 41
42 8 52 13 33 4 91 10 7 9 239 62
40 8 54 4 407 92 30 3 30 7 63 1
53 5 2 22 275 28 21 3 60 8 180 16
28 16 60 21 317 25 20 8 11 10 109 3
19 1 49 0 247 5 33 1 58 3 242 12
32 5 10 10 259 7 47 4 29 9 369 32
24 2 38 19 294 72 54 8 14 12 254 67
53 10 19 21 229 1 37 21 7 16 327 45
18 12 17 12 304 35 48 20 32 9 281 74
21 1 49 0 196 2 57 2 5 3 38 10
52 3 38 4 49 4 17 18 49 17 379 117
19 3 25 5 180 44 20 12 79 17 166 46
38 7 47 14 189 50 77 4 4 11 14 1
54 19 42 6 76 16 30 11 17 21 277 1
