20 31 52 37
26 41 50 61
61 90 80 93
40 74 62 43
59 53 45 53
43 62 35 78
18 70 20 50
73 68 91 62
97 65 44 93
21 87 22 51
85 48 50 79
94 36 51 70
31 20 67 94
92 17 48 90
57 92 42 91
85 89 83 79
71 49 90 73
43 73 36 61
75 67 77 69
73 41 68 23
70 62 82 76
80 68 45 73
73 87 42 52
68 18 60 71
31 32 50 46
71 60 63 78
69 60 97 57
32 63 91 79
25 27 37 48
56 66 65 95
63 20 89 81
79 72 69 86
59 60 74 96
62 34 38 51
70 40 97 68
40 53 61 79
83 87 77 80
76 95 86 95
70 86 61 80
51 37 79 85
90 77 85 88
36 94 84 79
