17 7 13 19 21 3 46 1 53 8 235 19
36 13 30 15 326 60 72 1 10 6 242 19
61 1 24 0 112 16 34 5 13 21 368 6
30 1 29 0 63 12 26 3 6 2 207 13
21 11 15 12 367 64 36 9 31 10 149 7
25 7 22 8 388 32 69 7 17 17 27 7
47 6 7 8 348 93 17 1 52 1 53 12
18 2 58 5 105 26 44 6 10 20 307 9
42 15 22 11 336 27 16 15 15 5 296 44
33 18 32 17 334 8 37 11 45 15 123 14
29 10 5 6 265 11 45 2 4 6 137 28
42 1 18 13 319 3 53 5 21 8 150 37
26 9 28 14 14 3 36 4 6 26 107 8
35 11 45 10 306 65 46 14 10 23 163 47
30 2 51 26 372 89 70 3 21 2 14 3
18 6 13 10 16 2 55 6 28 14 192 9
30 4 48 16 282 12 62 12 14 17 48 6
39 2 52 5 388 85 64 5 13 4 338 86
15 1 33 0 253 28 52 11 39 14 173 11
45 4 3 11 94 15 20 6 43 6 251 64
25 18 70 8 97 4 37 11 53 21 389 99
17 4 26 5 362 64 55 12 31 9 275 11
33 4 34 16 262 53 72 10 5 13 214 15
51 1 48 7 259 53 31 2 49 2 355 105
30 10 2 13 152 7 29 7 25 7 369 4
81 18 18 10 301 6 29 1 44 1 106 32
47 15 7 16 11 1 33 2 38 10 339 44
39 3 26 8 273 54 30 2 2 2 150 23
49 9 5 10 123 21 27 6 22 6 284 74
50 17 35 18 195 16 83 7 2 22 285 70
15 13 63 10 149 14 33 15 19 9 357 35
48 21 27 6 151 18 42 14 18 15 132 12
23 21 11 15 173 36 49 4 18 5 216 23
18 12 54 7 128 1 42 3 52 25 111 8
63 15 5 22 166 53 16 2 14 3 72 12
46 4 18 18 107 22 48 2 28 4 288 86
22 2 21 7 238 45 15 11 34 22 138 4
23 15 14 9 351 30 75 4 16 12 373 45
43 7 3 19 297 65 30 3 17 8 26 6
