70 1 26 0 51 5 17 1 42 6 267 41
37 8 30 15 288 81 19 4 14 10 68 21
16 1 82 16 131 4 31 11 12 19 315 27
15 16 77 8 315 43 30 3 46 9 354 8
81 1 11 3 414 31 33 1 20 6 369 34
46 2 2 7 181 46 26 1 51 0 261 10
19 12 74 23 351 3 18 3 48 2 90 3
50 12 2 21 26 2 28 6 49 5 132 33
52 12 33 5 185 43 15 5 24 7 160 49
43 9 14 25 115 24 27 14 25 23 16 2
47 5 44 6 32 1 77 3 20 6 383 18
45 2 2 6 159 11 25 3 10 23 15 1
20 19 17 8 259 19 49 4 6 5 118 19
22 11 42 16 110 32 32 1 50 0 60 11
58 2 17 6 35 1 22 4 11 8 105 3
47 8 4 11 143 8 65 2 30 2 344 3
38 17 9 20 377 114 34 2 65 26 246 80
66 1 2 1 175 53 30 1 37 0 284 24
17 1 19 15 388 117 21 17 51 19 142 11
35 11 62 15 118 7 86 7 9 8 73 13
15 14 41 18 138 35 23 1 44 6 73 8
22 1 72 5 198 45 38 6 26 11 223 44
79 1 6 1 234 52 25 5 13 4 413 92
23 1 22 3 157 20 33 3 42 6 39 10
16 11 58 20 45 5 32 8 51 22 30 8
45 10 29 6 412 121 36 5 45 16 235 39
22 5 16 8 145 8 30 20 9 16 300 19
56 1 41 1 192 44 25 4 14 3 351 82
41 1 11 4 352 3 62 13 19 9 351 107
30 1 13 25 33 7 17 11 66 8 334 52
75 2 12 10 45 11 26 12 18 5 30 7
22 8 13 4 252 6 29 6 42 5 185 53
24 9 30 4 187 61 16 1 32 1 213 51
55 1 21 0 24 7 54 5 43 18 98 22
82 22 17 6 263 30 24 22 74 9 92 8
61 1 26 2 385 69 31 1 3 16 233 18
51 5 46 24 270 25 87 16 11 15 161 7
63 15 4 16 319 85 52 7 10 9 227 36
40 1 5 0 349 86 17 6 38 5 205 1
17 6 13 9 402 52 17 8 38 11 404 132
80 1 11 11 93 23 43 11 35 21 54 14
25 1 31 3 28 3 48 6 38 9 16 2
