43 36 48 48
88 85 29 98
31 77 34 80
54 52 47 53
87 51 87 69
85 44 94 27
55 69 53 44
82 86 75 97
40 87 42 63
19 31 91 73
64 96 56 61
92 54 41 78
57 56 69 65
70 27 78 79
86 79 35 83
44 50 31 100
83 35 49 50
58 66 50 46
60 67 66 94
60 51 49 56
76 78 61 89
20 62 57 61
70 97 91 61
39 52 24 22
99 91 79 97
36 50 53 87
82 39 78 76
90 85 77 80
49 73 68 45
82 81 92 80
92 39 86 26
31 50 47 28
70 88 94 80
83 81 86 69
65 67 67 62
83 78 52 30
31 83 31 52
59 97 92 43
60 89 43 77
58 63 38 50
66 41 76 40
74 45 56 50
