25 7 38 21 126 9 28 1 3 0 128 34
15 17 23 15 155 45 60 11 4 22 104 4
72 1 10 1 120 18 81 9 2 12 219 63
32 15 25 11 53 3 39 8 21 4 343 48
23 1 44 15 72 10 30 1 11 0 324 34
50 3 33 11 215 32 19 7 15 5 121 31
90 3 3 25 238 72 32 1 6 4 89 28
20 12 16 24 17 2 32 9 8 17 113 16
32 3 24 7 374 100 56 1 10 4 255 61
36 1 11 3 250 18 27 2 18 14 193 44
39 7 51 12 182 24 72 23 16 6 295 38
90 15 2 8 153 24 27 1 23 0 148 11
42 4 8 3 133 12 17 3 13 21 208 29
24 2 12 11 270 3 18 4 29 5 233 64
75 1 7 1 328 89 26 1 42 3 242 56
23 2 37 2 31 6 27 7 23 3 27 4
45 2 48 6 329 106 25 8 28 20 298 89
61 11 14 6 380 110 46 15 35 16 340 89
15 20 63 6 39 4 89 14 7 19 121 7
96 3 2 8 85 23 33 8 7 24 387 86
21 15 28 17 136 37 40 1 10 1 121 11
32 16 11 15 144 40 17 18 82 6 190 42
81 2 16 9 37 9 21 3 51 26 87 4
15 10 17 4 16 3 79 4 16 12 277 5
28 9 16 10 205 33 32 6 41 14 263 61
22 2 75 8 51 11 26 5 6 3 15 2
26 1 10 2 277 7 34 4 12 5 134 43
89 3 4 21 334 88 26 9 21 24 385 74
37 2 38 9 74 18 71 19 18 19 19 2
47 1 43 11 79 17 80 1 7 6 114 33
33 14 6 18 42 9 26 16 11 20 190 61
53 3 22 14 376 15 28 12 2 5 340 77
36 12 26 9 266 75 18 3 67 4 340 34
33 4 33 5 142 9 16 3 75 25 250 68
41 1 19 1 380 93 51 5 8 9 259 76
37 1 25 1 321 100 39 2 12 3 266 22
27 10 24 11 123 30 26 6 44 10 253 64
16 20 54 18 258 7 42 5 46 23 268 40
18 8 72 4 352 36 30 6 32 9 245 76
23 1 44 8 301 44 49 4 20 3 26 2
