80 51 40 93
75 44 41 66
28 59 35 52
92 57 35 37
39 58 21 15
46 56 66 42
46 35 36 35
76 66 97 46
52 80 54 89
87 70 96 25
90 93 90 91
39 43 44 43
55 93 47 63
35 70 81 42
96 87 62 74
49 62 61 88
48 87 64 62
75 77 66 72
70 66 94 74
50 50 56 53
15 36 47 62
24 54 27 57
52 61 39 56
65 82 73 78
85 60 41 74
43 24 34 70
43 42 28 33
59 44 74 79
50 40 52 39
91 73 66 51
45 41 44 41
51 88 92 94
50 99 46 83
66 81 41 88
50 59 61 43
77 18 41 31
71 57 57 50
52 72 88 92
17 15 52 79
15 34 16 42
60 91 80 49
43 38 42 35
