72 82 23 38
69 67 66 55
24 66 59 83
60 67 49 69
68 68 72 91
19 72 17 96
98 31 49 76
82 28 92 43
63 56 34 52
52 89 38 39
17 35 64 35
48 31 44 47
84 75 32 82
29 19 61 41
38 34 82 58
41 40 33 34
45 81 26 70
64 75 45 30
47 46 46 56
75 35 92 37
74 49 61 77
66 48 48 41
28 78 31 40
97 72 77 66
65 52 53 42
44 20 83 27
29 44 27 26
78 74 88 94
69 48 59 51
36 35 27 36
88 31 20 79
57 55 31 57
96 67 68 63
45 100 63 61
68 98 90 94
63 34 90 79
48 38 31 54
67 68 74 70
96 68 92 62
32 96 47 53
67 21 64 29
41 51 39 42
