40 10 27 9 53 9 82 5 13 6 203 50
54 1 36 14 190 49 56 9 38 18 45 2
46 1 8 3 267 16 16 7 18 10 402 122
17 21 13 13 314 38 62 1 37 17 324 57
65 1 33 7 58 4 67 7 14 18 274 55
15 6 50 15 365 22 38 8 3 13 371 90
23 8 32 24 148 7 68 5 14 7 27 4
33 8 40 8 321 82 75 9 3 10 61 16
50 10 8 17 353 26 59 8 11 8 357 115
18 8 14 4 126 20 24 1 36 0 75 13
68 18 5 20 212 22 36 6 28 8 282 47
33 8 20 10 170 13 64 12 4 23 129 9
28 13 2 13 30 9 20 12 28 16 114 26
51 5 2 13 303 44 26 23 20 12 60 10
42 3 6 10 282 76 16 13 76 13 53 8
21 18 34 17 18 4 16 7 69 5 284 18
27 9 10 17 54 1 16 2 46 11 29 4
27 18 25 6 405 92 38 7 14 22 187 57
58 2 25 2 41 11 56 6 11 19 398 55
17 1 25 0 101 2 43 2 5 3 198 16
27 1 3 22 356 114 19 15 26 13 138 28
34 2 31 8 145 29 46 1 52 3 318 55
17 8 41 25 114 6 70 2 16 5 236 21
32 3 21 13 325 82 22 1 9 0 142 10
30 13 34 15 126 29 44 1 28 2 79 25
38 10 16 24 323 73 34 20 44 18 293 84
32 3 11 23 358 37 34 17 42 15 317 27
53 10 21 22 37 2 34 4 61 4 272 9
30 13 16 5 351 41 44 7 7 8 240 31
20 2 27 13 404 124 65 10 23 6 140 7
22 3 68 5 85 18 62 3 3 17 224 61
34 10 17 22 213 67 16 19 35 16 256 29
24 2 75 9 40 11 17 12 40 10 344 27
57 2 13 15 246 52 47 6 47 19 343 104
37 14 10 9 251 45 25 3 46 25 293 23
30 6 46 26 397 64 59 17 23 18 196 17
79 23 11 12 265 30 16 10 29 11 241 27
66 3 33 8 278 73 46 1 4 1 333 82
26 1 56 12 147 18 72 4 9 23 38 5
23 21 28 15 348 95 92 16 7 21 258 42
58 11 38 11 209 40 24 3 17 5 205 57
