61 4 28 14 93 10 20 1 17 5 197 28
19 24 51 7 295 33 17 13 29 5 414 76
73 14 4 21 110 32 30 9 60 22 96 18
15 6 61 18 393 126 16 9 26 18 10 1
37 6 7 19 132 29 19 8 20 6 284 71
31 2 2 24 123 14 27 1 3 3 132 22
89 14 4 15 168 24 85 6 5 22 61 8
57 17 13 5 132 6 16 2 52 16 372 1
24 12 35 14 237 26 36 14 3 18 108 12
57 3 11 10 310 25 52 18 3 10 305 54
49 14 12 18 361 106 25 13 65 7 188 51
26 10 7 14 371 13 18 2 26 3 63 20
67 14 6 18 15 4 17 1 41 6 27 3
23 1 23 4 85 7 30 1 9 3 146 39
22 19 9 17 209 19 66 7 7 14 341 19
21 13 72 7 326 96 46 7 33 3 88 15
31 13 11 17 46 13 27 7 6 18 307 83
25 6 59 11 94 7 18 8 12 21 360 104
16 4 47 6 171 52 58 1 13 4 336 32
69 1 13 1 154 41 35 2 18 2 414 135
53 1 29 3 232 55 24 9 12 4 297 25
15 2 23 13 189 41 34 11 48 20 216 13
32 1 48 5 260 52 33 24 23 10 353 79
49 24 14 10 382 72 34 2 48 17 239 13
27 13 3 10 55 8 26 7 14 22 211 49
66 7 26 21 115 7 26 1 6 3 74 5
67 18 17 10 90 11 26 1 21 4 147 20
35 14 11 20 205 52 28 10 6 8 320 7
38 1 23 1 35 1 22 16 8 16 414 92
26 6 4 12 347 40 34 12 7 17 173 38
28 2 26 3 220 6 64 1 27 3 11 2
41 4 38 20 96 25 50 1 45 7 120 1
48 20 24 18 240 40 36 8 10 12 129 32
59 19 9 6 153 31 46 1 3 7 132 34
50 1 18 0 213 5 38 16 36 16 400 131
47 1 21 8 170 24 30 10 30 25 146 38
22 25 22 10 121 35 76 1 19 16 385 83
20 1 69 5 13 3 42 25 25 10 126 18
39 10 35 18 375 98 27 1 35 0 55 1
32 2 37 21 369 74 50 7 34 24 399 81
36 4 58 9 353 45 53 3 7 5 415 115
38 9 52 13 198 13 35 14 6 23 159 11
