82 5 9 7 336 57 45 1 53 21 187 52
31 4 6 6 173 26 24 8 69 6 278 18
51 1 21 1 52 2 69 3 4 4 162 26
43 11 17 17 317 12 20 9 74 13 191 26
28 4 20 5 256 12 22 5 62 7 357 53
15 19 23 14 93 21 67 2 7 4 302 21
21 2 46 21 50 7 67 4 15 25 162 40
20 9 50 25 166 47 35 1 15 1 340 16
25 2 8 12 77 7 49 4 13 5 272 13
59 21 3 11 394 27 65 2 5 2 189 7
33 1 17 2 236 17 17 17 25 10 226 34
62 24 33 12 280 33 53 7 43 16 137 3
20 6 61 6 30 6 33 1 53 2 319 27
15 6 42 9 146 8 71 7 6 25 13 2
35 1 21 4 279 58 25 4 7 8 149 13
38 7 29 5 134 20 74 2 2 2 391 55
31 14 4 15 347 105 39 3 40 9 348 52
39 2 22 3 253 42 73 2 7 8 272 71
24 2 43 3 249 59 15 4 68 5 135 22
33 1 2 9 319 16 83 10 6 4 280 62
54 2 16 3 392 58 27 7 4 18 28 5
38 4 28 13 157 12 29 1 35 17 104 1
34 15 42 9 172 10 31 5 53 14 273 3
20 9 52 10 263 67 35 1 13 3 235 74
21 1 41 4 30 1 18 4 56 6 361 34
56 5 38 13 120 5 25 7 18 8 316 85
47 1 15 8 181 18 66 10 2 21 332 47
70 7 23 14 157 37 19 3 73 17 239 27
79 1 8 1 287 32 30 5 56 17 42 2
38 7 22 7 208 56 44 2 37 5 30 8
61 8 29 7 211 25 31 16 5 16 261 15
16 3 28 2 223 48 28 4 18 11 202 58
35 2 21 17 245 54 33 10 55 17 329 8
83 17 10 20 210 54 31 5 51 13 136 9
20 5 62 7 383 20 17 7 68 14 141 32
57 6 14 26 354 5 40 14 24 5 106 29
20 1 12 1 214 53 19 4 14 12 318 53
72 3 7 20 30 8 28 5 13 8 220 49
65 2 22 4 286 17 47 2 30 15 325 102
60 2 22 4 310 56 65 3 28 2 232 37
