17 8 28 11 389 91 64 11 7 16 332 65
27 1 45 24 144 46 77 5 16 8 107 5
40 3 4 2 81 22 50 5 16 16 97 19
18 6 33 20 136 39 17 13 23 21 372 31
19 14 26 14 73 13 28 1 10 2 197 31
21 9 70 17 70 2 35 2 7 6 220 59
71 1 13 25 301 75 36 6 40 3 419 11
39 7 58 17 256 12 36 6 29 10 253 5
57 2 27 3 144 24 47 8 19 20 290 51
35 15 9 8 309 91 26 15 7 21 378 71
70 1 28 1 51 4 65 2 12 3 63 11
40 2 14 5 28 1 20 1 43 10 230 23
42 18 36 10 126 35 39 1 10 0 206 2
59 2 24 6 239 29 35 10 8 13 104 13
80 8 19 4 191 55 15 2 59 14 292 88
43 10 47 14 384 2 52 11 25 16 95 10
86 21 2 15 385 26 29 5 64 4 209 45
36 4 12 3 240 10 50 6 33 8 371 45
24 24 21 7 359 62 27 7 4 15 220 64
19 1 50 1 107 31 33 1 5 0 410 120
23 8 14 13 15 1 15 4 22 11 240 55
19 6 16 14 153 17 23 10 56 25 164 38
26 3 7 6 231 39 39 6 8 18 268 1
53 2 21 14 388 22 21 5 22 3 163 9
43 1 14 2 127 35 23 21 13 16 137 13
28 1 4 19 92 10 90 11 5 21 50 2
19 26 35 7 369 104 18 11 18 8 288 9
20 10 68 18 287 28 44 7 26 15 187 35
28 6 9 5 334 81 70 1 2 5 254 81
34 7 57 20 271 66 15 1 24 18 116 1
22 7 9 5 68 3 21 2 42 8 139 37
20 6 47 23 360 83 22 3 77 5 156 14
26 6 21 24 381 59 39 2 49 8 133 9
20 14 66 19 271 62 22 17 43 15 84 4
43 10 4 6 123 8 46 6 6 3 73 2
39 7 27 14 234 14 68 19 3 6 365 39
20 6 33 15 111 26 20 2 33 3 122 29
76 1 19 0 285 23 22 5 18 17 117 32
37 15 7 5 42 4 33 2 3 18 131 35
20 22 32 9 67 13 25 3 23 2 25 7
22 1 66 5 125 27 35 10 13 20 58 12
19 14 47 19 122 28 53 1 7 3 329 74
