34 63 57 73
71 86 76 81
75 49 73 99
65 31 39 59
68 59 81 73
98 55 86 86
78 52 62 57
29 41 44 17
71 42 80 89
88 94 94 90
98 42 58 15
87 63 86 78
98 29 41 31
19 95 25 49
20 79 20 87
17 45 50 26
85 77 81 65
36 51 91 38
64 61 63 63
75 74 50 53
95 94 80 93
46 48 39 51
47 19 47 55
40 60 74 38
45 39 62 29
63 95 93 74
81 98 46 75
62 71 58 63
38 50 68 79
61 77 90 83
95 53 57 94
85 51 75 85
73 86 62 62
53 38 75 61
49 26 97 41
91 45 17 74
42 32 94 26
38 73 76 30
93 56 50 96
66 85 64 52
77 34 27 38
37 59 30 92
