94 78 43 72
66 66 76 55
29 86 78 48
79 39 21 42
58 77 21 49
89 99 67 62
77 70 42 79
74 57 70 54
49 55 50 70
90 99 64 63
100 88 65 72
63 51 63 100
75 77 67 87
61 60 46 66
33 39 24 71
68 72 94 97
76 46 46 58
34 36 39 38
66 36 75 40
43 43 55 58
41 35 34 68
86 37 33 32
89 88 89 81
51 36 26 80
96 65 44 94
85 53 21 45
47 86 66 49
75 97 61 83
67 65 56 73
61 51 82 58
70 55 48 70
59 48 62 42
65 70 56 60
55 57 48 51
59 53 73 49
29 82 42 66
64 45 45 59
83 18 20 59
92 51 60 43
71 60 69 39
62 52 100 43
59 68 55 52
