24 15 12 5 195 60 16 18 29 17 292 66
36 3 58 5 153 24 47 3 11 9 309 5
55 8 9 15 122 34 33 18 15 6 207 17
49 21 12 15 293 87 30 2 14 11 259 26
20 1 26 12 228 16 22 15 26 5 130 25
49 18 13 12 158 5 60 6 12 14 53 7
26 3 18 8 206 16 47 9 31 4 264 52
31 4 15 6 147 39 58 15 37 22 274 16
25 3 11 20 341 33 43 15 2 8 268 5
18 15 31 16 65 15 25 12 56 5 274 19
67 3 7 14 250 43 43 6 39 12 133 16
43 1 11 2 33 4 40 17 4 10 295 58
36 7 22 20 50 10 27 4 16 6 64 2
31 4 61 4 270 3 42 1 14 3 350 42
19 3 34 17 100 5 29 2 48 2 379 82
28 21 15 6 146 22 40 2 17 6 255 50
40 11 44 14 127 29 18 5 19 21 100 25
26 2 10 11 253 42 34 1 46 0 204 66
18 4 74 5 60 3 43 14 28 12 64 1
23 1 8 2 104 16 36 7 28 5 157 22
73 11 13 11 261 82 57 6 23 5 13 1
28 15 18 22 169 19 22 5 15 4 275 70
84 6 5 3 333 29 32 4 37 26 62 6
43 2 10 2 142 30 68 5 22 19 282 33
76 15 6 5 327 23 23 9 45 17 16 3
20 13 29 5 273 61 71 21 10 11 33 2
28 7 45 8 341 20 57 1 17 2 366 106
31 13 2 12 153 24 34 7 4 5 169 37
20 7 69 8 370 18 77 3 18 2 210 5
29 12 65 16 174 25 66 11 12 8 316 7
20 17 12 12 185 53 46 7 11 13 131 8
20 4 19 8 266 18 79 1 5 3 359 3
27 10 4 17 306 101 80 4 14 4 318 47
20 2 19 24 249 82 23 13 33 12 305 66
32 5 18 15 346 64 78 1 17 19 296 40
72 2 22 5 340 39 23 1 20 17 310 98
31 1 16 0 133 2 50 20 26 15 102 15
18 14 57 15 318 14 66 12 8 23 290 32
