39 3 18 5 131 13 46 2 15 3 325 57
19 7 30 9 286 18 32 2 35 4 268 18
29 5 37 3 266 87 32 6 30 26 115 16
66 1 27 4 46 8 58 20 10 13 296 90
67 7 23 5 305 73 68 2 27 4 334 15
89 6 5 20 299 72 49 4 18 22 392 45
24 1 33 1 289 47 42 9 10 7 392 4
70 9 15 17 305 57 21 9 29 4 188 61
53 5 9 9 72 13 29 5 53 14 224 36
72 6 14 3 224 58 26 4 10 3 107 17
65 15 7 21 291 53 16 5 26 4 59 8
21 7 46 9 95 27 51 2 37 18 296 76
19 2 49 3 182 32 81 8 18 16 273 42
60 12 33 9 95 5 52 1 45 2 45 12
56 6 2 22 67 5 40 14 27 9 47 11
23 2 9 8 73 8 36 15 2 17 393 125
21 5 40 25 145 3 45 1 52 1 62 13
42 3 11 4 262 62 84 4 8 3 288 85
42 4 4 22 66 3 52 18 14 20 41 2
63 11 13 15 111 7 16 10 15 18 142 42
40 3 4 9 51 9 29 7 46 16 313 72
35 3 41 2 144 8 28 2 33 2 345 97
43 8 44 11 146 23 26 8 36 18 317 93
54 17 4 15 202 24 39 1 60 1 263 43
26 2 39 17 86 15 52 19 17 14 14 1
46 1 9 1 367 79 15 3 25 2 338 58
27 12 64 16 369 27 20 17 60 13 334 88
21 10 10 8 134 26 31 11 17 14 66 18
34 5 57 24 32 2 48 2 23 7 79 19
21 16 34 13 329 45 67 13 9 15 344 74
74 1 18 9 281 69 49 3 23 2 20 4
57 1 10 0 216 33 76 1 7 1 178 8
79 2 12 17 161 44 67 9 30 14 233 76
66 2 28 22 373 31 53 6 2 18 397 97
43 7 41 12 390 22 46 5 3 9 390 80
36 4 6 15 239 3 40 1 3 1 285 15
21 13 72 9 241 35 35 20 52 9 85 15
52 10 14 6 42 13 50 7 26 15 199 49
16 3 21 11 171 16 16 2 42 13 79 21
31 9 57 12 45 7 31 3 5 15 164 11
