34 3 11 5 334 93 53 4 10 12 284 20
37 3 20 17 16 1 85 3 14 22 380 69
17 6 23 3 298 7 16 21 46 16 111 8
41 3 25 8 221 53 17 6 69 9 266 22
56 4 40 4 309 75 46 3 36 7 109 24
15 14 31 7 235 47 52 10 12 6 195 8
54 1 43 3 173 8 71 6 17 8 29 1
46 14 19 7 140 13 26 13 4 9 153 11
53 4 22 16 351 82 15 3 35 8 144 21
38 9 9 14 342 72 32 1 25 13 410 38
39 3 20 26 189 38 28 7 3 5 197 31
62 1 17 2 275 25 26 22 51 6 114 35
17 5 26 4 410 35 30 2 44 2 56 12
84 22 11 9 175 47 42 18 20 14 42 3
25 10 32 13 139 35 38 1 11 17 306 99
74 1 2 0 150 38 32 5 39 10 187 27
57 3 24 4 354 24 25 1 28 4 213 57
49 11 29 4 378 80 34 4 41 13 378 45
30 14 10 9 111 15 28 20 21 16 95 1
27 13 57 17 284 10 38 8 44 10 299 30
26 4 5 8 232 38 27 15 51 17 199 8
24 12 53 5 93 11 38 4 43 8 58 1
20 2 31 2 318 60 45 2 19 6 175 25
23 1 15 5 323 58 36 22 18 15 198 43
35 6 2 10 179 48 50 24 4 12 184 24
32 1 57 1 333 9 24 26 15 7 240 22
19 2 63 23 82 25 23 17 50 20 165 2
68 2 23 17 195 4 41 2 3 10 301 57
66 4 28 20 388 60 33 2 7 13 398 71
30 2 23 3 341 19 45 3 36 16 120 14
73 4 2 9 159 22 24 3 7 4 140 4
28 1 47 3 172 17 75 21 22 13 396 61
15 8 46 6 187 52 62 1 9 2 21 1
53 6 23 8 321 31 74 13 17 21 220 59
24 9 21 13 150 1 70 2 6 9 366 48
32 3 18 2 295 38 28 1 10 9 179 31
41 6 40 20 266 44 43 1 46 11 264 58
56 16 29 16 251 80 23 5 41 3 247 58
45 3 30 13 232 68 38 16 35 8 290 48
68 20 15 9 267 31 26 5 9 21 57 4
49 1 10 3 253 50 72 12 27 20 252 76
38 10 15 9 358 80 45 7 49 16 353 62
