24 5 64 20 398 42 20 12 11 17 31 4
33 17 6 10 373 69 41 1 22 7 255 11
29 9 2 15 17 2 16 12 52 21 356 40
56 5 3 7 48 8 35 1 17 6 112 35
20 2 17 11 294 56 79 8 4 8 104 21
19 3 64 5 39 8 42 11 9 11 291 73
26 12 6 7 91 17 36 2 26 8 43 5
41 5 33 25 164 15 83 10 10 11 198 45
33 13 2 18 387 62 15 15 18 21 394 53
22 1 46 17 339 61 32 3 20 5 343 49
17 14 70 15 250 62 44 5 19 13 273 73
36 9 40 12 27 3 36 17 18 16 206 29
35 9 63 24 109 18 31 1 48 2 117 16
39 18 22 14 371 102 22 7 15 8 69 10
72 21 20 11 209 68 30 1 7 1 119 13
18 8 16 15 210 15 50 3 3 7 202 54
18 3 25 2 145 47 22 6 17 3 244 58
24 1 40 2 358 3 16 1 24 0 267 86
15 3 21 6 225 20 41 6 25 13 361 2
15 5 46 16 325 24 23 8 20 6 84 15
34 19 3 16 302 19 63 1 8 12 141 2
25 6 62 26 347 76 45 17 31 13 208 26
28 25 7 7 87 1 32 4 9 14 228 27
59 1 13 3 303 54 58 15 39 16 337 80
75 15 15 17 181 19 18 2 28 10 274 50
16 1 25 1 224 3 29 10 9 19 84 27
23 2 9 21 339 75 54 1 29 4 103 19
43 6 30 10 196 57 27 4 17 17 372 67
26 4 8 5 30 8 47 5 17 19 218 9
21 1 22 4 323 104 68 3 18 4 249 20
50 15 5 5 187 12 40 3 47 24 251 32
38 1 6 3 74 7 32 14 21 21 196 12
90 6 7 13 341 96 30 13 54 13 306 71
39 13 7 20 76 3 16 7 61 8 196 2
36 15 17 5 347 85 20 8 38 7 217 63
57 3 42 10 235 3 52 4 15 17 59 6
30 17 25 15 331 48 89 13 6 5 350 87
59 2 38 6 267 39 24 11 41 12 288 28
33 9 44 10 289 93 29 4 37 14 125 10
57 16 9 16 37 11 67 2 26 6 274 40
