29 5 14 4 83 8 33 8 47 15 66 12
54 1 29 5 393 116 39 2 13 3 367 57
16 14 36 20 197 12 30 2 41 3 169 8
32 17 9 19 55 4 43 5 6 15 86 13
26 10 10 22 354 111 38 11 27 8 167 1
39 6 42 11 155 35 34 1 64 7 207 11
16 8 21 24 270 18 46 21 10 13 63 9
41 1 11 10 393 125 24 1 45 0 271 30
15 7 68 7 275 59 26 1 9 2 254 63
35 1 47 9 82 14 63 1 30 11 91 18
72 4 11 3 234 32 84 7 14 26 154 50
54 3 17 4 289 48 51 14 29 5 183 26
67 1 32 2 57 15 16 12 61 20 365 44
17 5 23 9 99 4 39 17 39 13 377 18
31 15 43 11 284 83 75 3 12 25 12 3
30 5 68 4 54 11 26 4 45 5 25 2
18 1 79 20 342 43 42 10 50 16 301 78
27 4 28 3 175 13 22 11 16 4 273 6
49 6 44 22 80 6 22 7 45 10 223 14
33 3 4 2 165 16 24 1 45 8 62 2
16 1 28 3 221 71 51 11 11 4 279 63
83 4 3 4 190 8 19 13 12 18 143 45
54 1 35 0 139 40 58 4 22 6 135 1
39 1 27 12 142 1 41 4 2 17 202 32
27 3 26 7 229 36 70 12 29 12 291 82
16 3 16 12 338 77 37 19 38 19 44 9
24 3 47 5 323 65 42 2 43 26 240 75
66 3 33 8 328 46 45 7 9 9 63 14
31 1 14 10 376 106 15 17 50 8 219 37
28 11 14 19 101 2 52 3 42 7 303 62
25 3 69 12 97 20 24 4 18 8 73 23
66 1 29 0 363 16 17 7 16 16 333 7
67 3 9 5 33 4 16 1 27 4 253 27
40 15 20 9 71 18 26 1 4 6 356 102
27 4 5 6 263 10 43 12 52 18 394 49
24 3 34 5 290 22 55 8 3 17 191 31
77 1 4 1 312 98 16 3 20 11 16 3
34 3 25 2 109 35 42 5 11 24 390 28
61 5 13 15 150 40 65 15 17 11 226 5
19 1 30 15 145 39 42 17 9 20 184 17
37 8 36 20 314 54 64 3 19 5 347 91
23 4 68 6 418 111 43 2 6 5 15 4
