24 1 36 4 281 73 33 16 7 13 105 6
38 13 13 9 17 3 38 2 8 3 293 33
67 2 12 7 262 10 21 6 19 10 229 1
41 6 47 3 125 21 76 15 11 20 389 119
22 1 42 1 164 44 29 6 42 20 388 9
45 2 3 22 394 124 38 1 39 4 386 33
26 1 17 2 163 13 26 2 30 5 198 52
31 12 31 10 308 79 39 15 25 20 54 10
61 1 29 17 69 6 59 8 11 15 296 71
59 4 19 12 244 16 16 2 34 8 35 7
59 4 19 9 368 20 48 25 6 10 325 71
33 4 17 5 219 60 37 1 8 10 246 76
38 4 26 8 319 7 35 7 36 9 353 40
16 2 31 4 112 18 45 1 41 0 50 3
15 2 31 6 145 15 39 1 56 0 152 22
18 1 16 7 56 5 83 3 13 2 118 28
43 4 35 3 266 83 21 4 26 12 296 68
39 7 19 10 168 7 17 5 27 8 196 6
59 3 22 2 299 8 62 20 16 9 263 49
27 21 64 16 327 92 16 15 71 20 309 43
37 3 23 25 280 6 30 4 6 6 213 11
24 17 37 16 247 15 26 2 23 6 291 42
42 15 24 13 144 2 26 8 6 22 184 58
34 3 40 15 95 24 36 4 29 22 241 34
36 2 47 19 18 5 18 2 20 6 347 5
69 5 9 7 246 14 19 8 44 6 192 43
46 2 26 4 122 9 41 12 27 5 19 5
38 1 59 11 246 64 28 6 2 9 214 60
26 10 4 11 391 23 31 5 8 20 279 24
79 4 19 6 210 17 40 1 7 6 74 13
97 12 2 24 136 27 27 17 3 13 129 6
34 22 31 6 275 57 16 8 49 17 66 12
41 11 2 22 174 3 44 1 32 0 34 8
67 12 12 24 383 125 50 1 22 2 386 5
50 14 18 11 377 77 27 8 6 18 26 6
51 9 18 16 158 44 39 1 46 7 364 10
35 5 31 4 230 23 36 4 7 15 122 14
40 2 7 3 369 79 24 15 37 14 318 47
30 1 8 10 67 20 39 7 21 9 225 63
39 16 12 17 51 11 41 7 25 15 201 3
