20 37 95 97
63 56 46 97
50 74 93 60
33 56 32 78
50 31 47 46
24 44 37 66
17 61 20 68
89 93 46 48
47 61 42 71
99 54 70 64
34 55 99 45
63 58 56 99
79 66 99 52
23 50 16 93
63 29 97 100
44 98 58 59
64 62 75 80
44 66 45 46
37 57 82 54
49 52 47 45
67 79 94 82
88 53 19 70
43 57 58 57
60 30 60 40
46 83 16 19
70 31 100 93
46 32 44 47
68 97 42 64
69 73 68 59
37 75 62 93
98 26 21 82
79 65 91 17
84 43 76 70
48 84 65 67
83 77 90 53
35 86 44 69
38 52 58 29
25 68 97 30
65 79 72 70
60 62 41 68
28 62 93 58
64 44 52 74
