21 3 22 10 295 40 26 11 22 6 386 6
48 1 21 0 152 1 35 5 2 8 203 11
41 16 9 20 104 14 37 3 39 7 98 18
41 8 10 6 133 5 73 8 7 22 257 46
15 20 39 13 233 72 15 1 16 3 320 60
17 1 31 9 161 16 60 4 2 11 378 8
27 13 40 5 146 10 25 11 36 22 241 9
43 6 11 8 163 47 93 18 4 6 303 58
86 11 7 10 159 13 29 2 23 9 227 47
73 1 26 3 108 25 23 5 21 4 155 26
27 2 15 3 137 16 29 1 69 1 81 25
25 3 25 5 265 32 58 1 5 18 214 8
28 11 5 23 394 128 18 8 30 4 346 7
27 1 35 0 125 8 31 1 33 6 296 62
27 12 18 16 366 103 28 1 21 3 366 100
22 7 48 16 203 47 55 6 6 16 162 9
16 7 38 12 262 40 29 6 32 14 66 12
25 3 15 5 283 65 49 13 38 22 178 20
15 3 61 23 176 46 45 2 15 4 311 3
22 21 17 11 60 14 51 5 28 14 51 4
65 10 22 19 220 59 20 3 14 4 266 16
36 17 60 10 98 12 18 4 19 18 218 25
15 4 30 16 154 48 24 6 58 5 240 51
39 3 10 4 140 7 18 2 63 3 336 39
16 15 38 5 272 16 24 10 29 16 262 74
63 21 28 9 319 1 27 15 51 8 307 1
32 8 47 15 219 36 51 1 29 8 261 36
15 7 47 12 100 3 48 4 11 8 142 8
66 7 33 5 134 32 18 4 81 24 148 23
38 18 11 8 158 45 47 3 8 26 47 2
24 6 12 5 380 37 16 1 14 0 240 65
54 22 23 11 361 109 29 9 2 13 351 27
48 4 7 11 294 83 35 4 4 24 383 33
25 14 33 5 279 73 49 6 25 10 193 19
18 18 24 20 355 98 60 9 5 7 23 3
48 4 22 4 32 3 47 15 2 9 247 28
21 8 67 23 105 8 35 12 21 23 245 9
15 7 19 13 272 8 34 8 6 11 176 49
41 15 19 21 117 34 64 1 27 1 27 2
28 5 20 12 354 72 37 2 18 6 368 70
