25 1 58 2 143 10 32 6 38 25 77 19
40 5 16 6 26 3 33 1 4 1 197 25
55 23 25 9 309 63 95 11 2 12 149 41
23 18 9 15 36 3 42 2 3 26 112 6
51 4 45 8 119 38 76 2 9 15 305 25
21 1 30 24 283 14 45 9 10 7 344 113
17 9 19 6 269 2 31 4 34 4 155 48
32 16 67 20 376 51 32 5 2 19 125 18
39 1 20 4 177 48 26 8 4 4 356 67
21 7 20 10 353 105 76 6 8 16 15 4
37 11 9 22 315 37 36 1 38 7 216 13
47 9 33 10 243 80 87 3 4 6 188 3
21 2 12 4 323 41 48 1 4 20 128 29
51 1 4 2 26 7 43 5 32 6 26 1
22 5 55 19 40 10 38 4 61 6 204 26
46 4 9 15 324 44 36 3 13 2 110 30
28 10 69 12 68 8 27 7 6 14 191 32
51 2 22 18 295 26 31 3 37 5 64 11
34 16 43 5 218 38 69 3 12 11 13 1
27 15 11 21 97 16 47 1 9 0 335 54
20 6 17 5 278 27 19 11 54 17 233 4
25 6 40 13 362 13 55 12 15 10 337 90
50 3 19 14 221 3 18 8 15 21 15 2
38 13 50 12 169 7 18 6 19 11 112 32
20 9 36 25 270 52 31 4 44 25 239 4
75 5 23 19 288 45 90 5 3 24 76 18
72 6 14 15 303 31 62 1 8 16 233 65
19 13 21 5 334 50 34 5 64 3 248 48
24 2 25 2 106 26 26 3 37 8 103 19
47 3 19 6 237 36 47 10 17 6 244 53
17 1 70 0 299 90 61 1 3 0 45 12
25 1 60 2 377 47 26 8 41 4 133 19
50 4 41 9 319 91 16 4 20 3 193 44
43 7 25 17 243 2 55 8 37 4 317 27
49 6 34 14 48 3 53 7 35 7 45 1
40 3 15 18 264 74 23 13 53 17 253 34
43 5 32 16 100 4 27 8 31 4 67 9
60 11 6 6 270 6 26 1 25 9 77 11
