27 10 20 13 199 14 32 1 29 3 44 5
41 4 46 25 344 78 19 1 54 2 152 2
33 21 38 11 143 17 50 5 18 4 333 54
52 18 2 14 148 16 23 2 13 2 124 34
82 1 15 0 254 51 19 1 42 2 137 34
49 1 8 0 270 13 20 1 44 1 229 39
21 12 45 9 305 3 17 8 30 4 280 23
41 12 16 5 63 2 18 11 61 12 205 7
44 6 27 14 367 112 24 9 57 9 12 3
93 2 2 2 136 14 63 13 6 7 139 7
38 1 53 6 167 36 23 16 24 15 128 38
55 12 6 7 43 5 67 7 5 13 40 10
31 10 13 22 352 103 29 5 4 7 27 5
48 3 11 9 325 32 36 17 43 15 367 114
43 2 21 14 299 32 23 11 40 8 298 97
29 2 21 7 29 5 36 9 26 10 71 7
89 5 7 3 210 45 35 6 29 23 185 22
34 1 10 13 63 15 64 8 3 6 98 3
29 9 8 17 26 5 47 25 7 7 344 77
64 3 2 4 357 86 47 7 40 20 289 31
17 14 27 12 137 31 42 16 2 12 319 16
58 2 20 2 42 9 16 24 39 7 345 16
20 15 32 8 327 86 19 11 61 24 126 38
16 9 23 12 18 2 51 2 10 20 341 6
31 14 14 11 193 2 40 2 4 3 148 13
26 4 13 4 378 17 52 2 39 9 53 9
17 10 41 4 174 18 51 18 14 14 59 16
55 2 7 3 86 20 54 14 43 12 28 5
41 4 50 6 143 20 58 1 6 16 101 28
45 5 32 3 118 29 15 9 15 4 76 7
20 3 51 23 226 56 40 5 21 26 255 40
58 9 6 10 277 22 18 2 68 15 379 20
69 7 15 8 235 44 55 1 39 5 308 86
32 8 27 12 152 17 36 25 28 10 197 52
46 21 13 6 33 4 25 8 46 4 273 13
31 2 64 13 255 14 43 2 6 16 78 17
21 13 38 5 299 60 24 12 24 9 273 63
34 7 39 22 121 30 36 12 7 24 360 54
