47 4 2 26 392 52 23 1 26 1 25 3
59 8 8 7 291 19 31 8 36 10 200 3
53 4 46 9 98 19 46 2 32 15 293 4
19 3 42 18 154 45 35 1 61 1 310 86
24 1 33 1 189 4 19 3 28 14 38 8
51 5 27 26 269 40 53 19 14 8 180 43
74 1 11 16 325 83 31 7 2 7 405 55
35 22 54 11 234 31 22 7 65 8 328 89
49 6 41 11 206 62 79 2 3 4 173 29
77 3 22 6 24 2 42 22 44 6 42 12
15 1 17 1 406 7 30 2 27 10 290 68
67 11 6 12 115 13 21 2 25 18 25 1
69 12 15 12 395 95 29 2 49 3 188 31
27 11 22 12 221 25 30 2 15 5 281 4
35 6 20 5 275 54 31 11 21 20 158 43
67 2 19 8 243 35 30 16 14 12 121 9
34 2 42 6 326 54 20 7 21 25 209 68
17 8 42 4 19 5 27 9 50 20 114 19
23 1 21 8 22 1 43 11 44 8 28 8
28 6 21 10 123 32 34 10 51 24 28 2
54 11 35 10 53 12 45 9 10 15 165 32
17 4 34 3 36 11 27 3 18 7 123 17
47 1 31 1 331 94 59 2 6 13 300 81
45 1 20 11 97 14 44 2 31 3 49 2
26 23 66 14 191 5 15 1 22 15 25 7
34 8 56 4 12 2 55 2 16 2 339 92
16 8 21 12 326 14 27 5 10 14 271 55
78 9 20 18 309 5 19 6 21 8 290 46
47 1 52 0 408 42 67 5 28 24 304 75
49 2 9 18 342 57 30 18 5 12 141 30
25 2 29 24 341 112 21 7 18 7 222 9
29 3 2 4 389 1 42 13 51 9 213 65
24 1 27 6 157 31 15 7 28 16 329 86
19 1 47 1 406 89 80 15 8 14 238 75
37 16 50 5 308 21 47 1 24 7 232 4
34 13 23 10 54 15 18 6 13 26 253 34
63 11 26 6 296 69 28 7 5 8 104 33
57 1 35 17 363 7 23 1 44 0 392 36
42 2 14 22 109 7 41 4 19 6 41 1
16 1 14 2 54 4 27 12 5 5 139 12
34 20 32 9 30 9 75 12 8 16 75 18
