39 1 38 2 373 56 24 4 16 15 280 26
30 8 51 8 169 9 20 6 16 16 384 95
34 12 17 21 384 69 23 1 14 5 173 9
71 1 19 13 379 62 51 12 23 7 90 26
30 9 21 21 331 81 61 4 24 11 317 71
35 9 8 25 95 18 29 24 11 10 389 77
53 9 16 6 276 38 53 2 4 4 167 37
39 9 45 4 34 2 28 6 70 16 39 2
67 1 2 3 150 20 23 7 7 5 13 2
91 3 2 14 395 83 15 1 73 1 58 8
20 2 33 19 152 47 20 1 20 2 405 73
44 14 49 5 238 40 35 5 51 10 286 20
84 12 4 17 328 4 25 1 41 1 115 28
15 11 19 12 349 66 47 2 21 2 57 1
30 10 40 4 125 32 34 7 29 5 43 4
27 15 4 11 170 10 36 7 51 15 243 13
25 4 41 9 111 20 36 6 41 14 276 54
77 11 5 11 57 9 58 6 7 5 29 8
68 3 21 11 339 90 35 8 49 17 194 43
35 4 22 3 251 1 28 2 32 5 230 34
56 9 18 7 392 118 17 18 26 6 273 85
59 2 28 3 221 69 36 15 41 17 265 74
83 1 8 0 251 2 55 13 14 10 13 1
23 2 20 16 119 14 43 3 8 23 74 7
60 3 2 12 12 1 19 1 22 17 243 77
24 5 8 8 178 24 33 3 39 2 372 71
38 3 43 5 252 67 30 4 6 4 393 93
52 1 6 0 237 31 21 1 16 1 190 1
24 2 32 4 57 18 30 13 67 5 352 71
22 3 18 13 390 57 54 4 18 5 342 67
20 2 23 15 114 27 21 21 20 6 79 16
50 4 28 6 103 12 71 4 9 20 400 10
82 8 2 4 181 48 42 3 42 12 336 3
21 4 14 23 152 20 51 13 21 5 315 96
35 2 28 13 29 5 23 7 17 10 230 57
44 5 13 3 259 85 63 22 18 11 68 5
16 21 18 6 328 23 41 2 54 18 80 11
32 15 2 21 235 12 22 6 26 9 224 56
70 10 29 18 146 32 18 1 32 1 294 36
29 5 7 3 363 12 42 1 4 2 179 53
30 13 2 7 190 55 39 8 27 15 254 21
