28 5 49 12 399 6 16 5 20 13 286 33
68 2 9 10 255 83 23 5 18 20 372 98
36 17 4 15 237 72 38 2 25 14 308 99
28 2 4 6 324 101 18 8 16 4 192 20
34 1 22 0 39 4 47 1 3 5 113 24
49 7 25 5 375 91 28 3 34 4 286 10
68 4 27 17 230 3 31 10 31 13 249 72
20 5 57 14 409 18 27 4 5 3 205 19
21 12 41 13 250 28 33 17 2 5 114 31
51 12 39 13 30 3 21 10 43 18 237 24
54 14 35 7 362 58 46 10 44 4 14 3
58 2 27 4 227 22 17 2 31 12 318 44
33 1 13 1 158 45 28 3 12 2 238 24
21 7 62 8 272 19 20 3 27 8 368 5
30 4 21 5 140 2 68 12 9 12 373 14
24 15 8 8 199 13 23 8 67 11 25 3
68 2 9 6 181 46 39 7 8 16 118 38
52 8 15 11 74 18 25 21 21 15 283 90
71 14 13 20 287 39 51 13 23 13 235 59
48 12 21 13 223 52 70 14 16 5 74 12
15 5 82 25 65 6 22 1 21 0 339 19
30 4 29 3 380 109 25 3 30 5 196 21
31 1 43 8 192 21 26 1 27 7 67 14
39 6 8 15 21 3 22 4 18 16 361 42
16 25 47 7 82 16 26 10 10 4 225 46
15 9 26 10 286 16 34 3 53 4 83 10
21 4 61 10 289 39 83 1 8 1 86 10
30 7 12 17 224 72 16 12 51 13 292 3
25 22 27 13 172 12 31 1 14 2 47 6
17 3 51 10 408 36 42 2 38 3 64 13
39 2 4 2 34 2 25 1 34 11 39 1
44 19 2 6 249 56 63 2 17 3 129 30
35 1 5 3 58 18 29 16 6 8 276 76
48 6 32 11 373 93 16 10 59 8 59 2
78 1 5 7 140 20 18 9 21 18 181 2
15 17 76 16 275 59 28 3 3 26 377 23
38 4 13 12 343 61 20 7 53 10 238 70
19 4 39 14 19 5 58 12 28 13 70 7
29 1 13 0 368 73 27 2 4 14 294 15
39 3 49 10 332 75 23 5 71 4 171 56
25 2 71 12 11 1 20 1 32 1 401 116
27 10 14 13 363 106 36 9 3 9 91 2
