55 81 47 30
51 40 40 61
80 98 58 76
44 60 82 38
80 80 72 83
66 97 29 24
49 23 34 28
43 76 100 52
57 100 96 58
39 57 46 41
39 34 68 64
39 78 68 46
71 63 52 79
77 94 34 99
97 46 97 26
65 71 75 67
68 54 48 57
18 46 37 61
19 74 31 47
19 76 28 58
47 29 23 34
89 28 45 67
36 86 87 21
30 100 62 47
96 68 40 77
30 43 31 37
77 58 83 88
31 36 89 79
61 63 59 99
22 37 63 53
58 56 73 44
38 54 50 62
65 32 77 86
38 33 32 18
82 26 18 21
65 79 74 72
63 83 84 52
83 75 94 79
49 55 24 37
53 90 67 69
58 88 66 71
21 84 21 88
