28 1 29 2 178 54 55 3 34 12 15 3
59 4 13 12 311 28 71 5 21 14 48 3
18 1 44 2 282 78 20 1 44 0 368 61
23 4 29 22 310 45 15 2 50 3 161 11
26 1 73 13 141 44 23 9 44 10 385 127
21 1 30 7 348 42 31 5 20 17 234 18
17 7 60 21 340 70 23 9 65 12 301 52
44 1 7 7 357 45 76 5 7 8 369 101
56 1 34 0 43 10 17 1 25 0 101 18
54 23 34 6 217 29 48 12 51 10 262 11
48 4 18 4 344 100 50 1 3 21 178 53
40 12 19 14 45 8 38 5 8 8 14 3
21 1 19 5 192 50 63 7 11 8 116 36
26 12 42 12 403 118 46 5 41 4 22 1
64 8 5 6 292 35 39 1 22 1 212 42
26 11 31 15 234 57 28 6 7 8 396 21
20 2 16 8 348 52 25 2 18 2 346 102
28 3 19 7 375 56 20 5 64 6 102 12
23 2 22 2 29 3 26 1 9 0 258 78
40 1 21 26 387 16 52 5 43 21 259 5
30 2 2 8 322 81 30 6 17 8 50 3
43 9 12 4 190 18 22 6 16 11 350 39
27 15 4 21 275 10 86 9 6 21 30 8
25 2 6 7 386 67 41 4 6 10 209 55
50 8 47 7 274 68 60 22 29 11 319 84
21 4 77 4 290 38 34 2 26 2 344 34
36 17 11 5 274 20 34 7 27 19 288 27
29 8 14 25 389 111 83 4 10 4 381 115
80 1 14 2 81 4 56 12 24 18 51 8
19 2 17 7 200 58 54 16 44 5 146 46
45 8 44 11 38 4 29 1 31 3 334 69
21 1 61 3 362 105 35 2 38 3 164 35
79 21 10 15 282 73 50 5 16 18 156 2
25 2 71 5 366 28 16 5 26 10 237 43
17 10 13 4 357 59 61 7 14 10 152 37
53 14 31 5 392 70 31 16 56 19 322 40
34 10 35 9 121 6 36 16 2 12 359 51
25 3 16 13 55 12 33 2 41 23 61 6
55 3 27 2 342 108 34 8 2 10 161 33
88 2 3 16 52 14 59 3 4 8 153 17
61 1 27 24 355 51 41 5 3 24 139 31
