30 10 17 16 363 114 49 3 19 2 186 54
35 13 32 23 248 77 27 17 10 12 299 24
39 3 34 15 16 1 23 3 10 4 131 20
29 20 24 9 281 17 38 2 10 5 29 3
27 15 29 18 16 4 25 20 19 6 146 36
46 7 26 15 47 8 50 8 5 11 337 89
62 18 8 17 370 71 24 11 12 12 159 46
22 2 74 4 118 6 52 9 17 6 373 117
18 8 17 24 87 12 39 2 9 9 117 23
59 2 24 4 369 60 27 22 28 11 317 76
15 10 70 14 38 1 41 17 6 19 331 31
89 19 4 19 45 4 16 8 31 4 378 51
24 7 49 15 34 6 52 1 15 0 186 54
33 3 51 7 21 1 39 3 20 26 316 28
65 20 17 6 268 1 18 8 61 18 88 24
18 1 59 1 15 3 53 2 40 5 229 10
43 18 12 18 241 77 37 2 53 10 208 38
31 1 15 24 312 12 24 2 9 13 44 2
22 2 18 3 266 24 57 21 5 9 341 19
42 12 24 10 273 90 70 14 4 9 239 16
34 1 56 2 287 3 30 10 28 12 376 17
22 1 66 3 217 9 18 17 47 5 357 16
25 6 48 6 202 36 27 17 48 10 364 117
46 9 15 14 190 52 34 8 14 4 163 24
66 3 5 2 276 33 35 5 21 3 287 73
51 4 45 12 22 4 25 2 50 5 128 1
85 15 11 8 272 44 23 1 7 16 126 13
22 4 37 3 281 45 45 5 12 6 88 3
35 3 33 22 154 24 38 10 59 20 195 46
46 3 16 5 227 17 25 11 23 4 131 17
74 17 5 15 275 22 32 3 15 2 19 3
15 1 25 13 100 8 24 7 20 3 186 16
70 14 5 21 217 50 75 13 20 13 239 52
31 12 44 21 228 57 71 16 20 16 47 8
83 4 8 16 359 28 24 6 35 8 351 69
17 5 28 12 156 39 38 6 35 26 367 44
15 1 34 0 40 10 27 8 56 15 98 30
24 7 35 21 340 90 54 4 10 8 58 16
