71 70 74 79
78 32 43 64
45 43 84 51
58 45 31 68
93 76 70 88
59 70 88 65
56 27 43 62
31 82 66 73
80 98 95 93
20 42 31 25
53 99 38 45
90 78 67 78
52 68 35 57
44 100 90 47
65 65 50 26
69 58 52 51
68 87 76 16
73 48 72 55
38 87 69 61
70 56 57 58
88 95 62 64
89 65 90 66
68 41 71 74
47 78 33 31
76 33 62 80
63 85 73 62
59 80 50 91
81 44 69 76
83 96 57 35
77 99 91 99
86 71 55 38
73 96 51 51
64 28 75 50
93 34 81 90
96 44 33 71
56 36 74 40
62 50 65 65
75 90 96 100
42 41 34 55
22 30 25 58
19 82 66 82
47 72 63 57
