67 53 35 18
81 84 87 73
87 38 28 45
70 69 73 33
80 43 48 28
87 59 92 55
52 83 57 83
71 47 65 70
25 28 45 39
69 96 66 99
91 65 21 87
36 18 34 31
97 75 30 61
72 77 30 52
68 67 25 22
88 76 71 55
95 63 70 97
80 19 30 43
20 15 53 62
96 84 38 71
84 56 77 62
60 91 84 71
56 96 33 81
76 63 85 91
40 65 20 53
73 82 40 55
97 49 48 31
37 45 20 57
89 73 85 35
35 78 73 71
45 81 53 72
58 35 51 62
92 56 58 59
87 90 89 39
56 61 71 69
69 83 43 49
84 60 72 81
75 69 65 43
59 78 26 20
61 63 38 50
60 96 73 38
72 79 85 56
