54 1 25 1 39 10 26 6 31 12 233 57
25 11 12 10 323 106 21 1 37 4 21 1
75 5 22 3 32 2 17 2 48 2 136 23
34 8 13 6 252 17 25 6 37 3 307 48
24 6 10 3 378 89 48 1 6 9 367 39
78 14 16 14 164 17 23 1 30 6 77 24
43 1 52 2 289 39 55 9 36 12 21 6
32 14 22 11 381 45 50 18 22 14 130 4
32 11 48 4 204 51 26 12 26 9 131 14
85 4 9 17 329 17 30 5 52 12 338 58
25 2 24 2 227 74 19 3 74 9 359 40
35 3 52 2 365 20 43 6 6 9 128 38
36 7 8 17 228 47 58 20 5 15 356 90
27 6 20 18 243 19 34 3 53 11 273 73
48 13 29 15 48 8 52 2 6 12 62 3
51 4 43 11 132 19 16 10 36 13 13 1
34 1 36 10 177 20 64 8 7 15 332 96
17 14 13 21 326 12 65 13 31 18 104 9
27 1 52 1 242 60 54 1 37 19 77 23
23 1 29 1 123 12 48 1 29 1 102 17
15 9 52 9 43 1 49 2 50 2 215 57
33 1 39 0 376 117 22 4 26 4 69 17
52 1 19 0 58 5 17 3 24 9 290 36
15 3 26 17 188 47 41 2 50 23 159 47
57 2 5 12 386 43 20 5 12 16 378 41
37 6 18 25 305 95 22 7 45 3 208 65
24 2 13 3 75 20 20 6 40 3 61 6
65 2 14 2 175 30 25 13 25 18 101 7
66 5 25 21 183 33 53 1 15 0 127 29
35 2 60 6 389 21 58 7 2 18 289 58
32 1 4 5 94 12 28 6 9 9 29 8
44 11 34 6 53 8 22 1 8 2 277 90
83 7 2 19 174 40 33 11 8 22 33 7
25 7 12 7 258 23 21 1 43 1 297 49
28 14 63 15 365 91 51 16 15 8 223 53
24 1 31 10 101 32 43 1 26 1 318 15
55 12 12 20 358 43 80 3 19 12 209 28
23 2 10 25 194 54 25 6 7 14 10 1
16 1 39 12 292 29 23 12 60 19 23 6
