61 6 16 3 36 4 20 7 19 22 12 1
21 14 14 11 268 78 40 2 15 13 18 5
45 1 10 3 248 73 19 3 20 8 213 31
65 2 2 17 224 45 61 3 9 9 46 1
33 3 50 25 393 77 19 7 57 10 136 20
32 1 9 18 55 11 29 5 15 6 385 101
30 2 45 11 141 24 16 16 22 5 373 65
54 13 14 16 409 39 45 9 3 4 73 4
44 6 25 15 122 32 28 7 47 12 36 7
17 25 56 7 274 67 23 15 60 22 171 23
16 2 20 4 267 87 21 3 17 5 262 57
18 2 63 4 134 27 55 3 27 8 135 1
37 21 12 6 281 7 35 10 62 11 112 23
85 6 8 3 251 15 34 1 30 11 377 100
36 9 31 14 198 19 45 3 26 6 273 39
22 10 21 4 170 37 28 3 64 4 97 22
29 9 6 9 208 6 24 6 72 10 41 3
43 6 37 8 331 108 44 1 43 1 300 2
33 3 19 12 415 22 19 15 41 17 332 99
43 13 39 9 92 12 26 8 49 15 107 25
28 7 22 8 294 11 78 7 16 21 58 11
35 9 2 23 187 16 49 9 50 15 295 36
34 16 2 21 199 63 30 1 20 0 75 24
15 8 18 12 53 8 53 3 29 4 400 35
81 17 3 12 327 102 44 1 13 19 148 3
25 18 72 17 20 3 47 1 17 19 203 60
25 14 27 9 288 68 28 3 22 2 339 102
46 4 2 5 413 34 57 20 35 13 117 19
34 11 14 4 198 50 28 1 27 0 297 92
27 2 35 11 267 44 28 2 10 3 128 41
16 8 79 15 85 22 16 1 31 0 148 3
30 7 67 24 137 7 39 7 12 7 276 43
82 2 15 3 148 6 30 4 44 8 292 3
41 15 29 14 382 122 58 1 33 6 390 101
36 2 23 22 50 1 31 12 42 9 257 62
32 15 35 8 67 12 22 1 22 0 388 13
15 9 60 4 329 52 54 21 6 6 387 93
59 3 6 7 156 3 23 23 21 9 256 30
21 4 15 10 387 89 51 7 4 19 19 5
28 1 53 8 348 6 19 1 31 1 17 4
52 3 23 16 133 14 29 9 27 16 37 4
57 14 11 9 16 2 24 1 56 5 195 48
