99 70 95 96
89 45 51 25
73 62 74 69
30 77 26 48
77 72 84 76
81 65 77 96
97 75 82 40
43 77 74 86
53 71 81 47
85 73 69 83
55 39 31 97
83 32 91 73
50 42 71 44
88 21 15 76
59 51 94 43
50 44 53 86
38 57 52 72
32 48 44 20
100 29 45 59
61 15 34 72
93 30 84 48
52 43 93 77
81 80 82 79
35 29 29 33
64 76 34 46
69 79 85 19
52 66 44 20
28 52 58 93
49 28 34 59
99 85 59 71
74 42 75 91
75 38 27 47
42 70 76 43
50 41 86 63
37 64 23 70
88 85 84 81
38 36 66 100
70 88 69 70
73 48 60 69
24 50 62 28
15 56 40 27
47 56 60 33
