41 2 26 2 241 2 31 1 15 0 206 56
60 19 15 8 248 37 22 1 30 9 26 1
58 22 41 11 10 1 60 8 21 22 374 5
28 11 7 10 384 101 40 2 12 2 45 4
86 1 11 1 300 51 52 1 36 11 335 32
23 11 10 17 206 11 16 13 28 7 330 101
22 1 20 1 112 28 28 7 39 5 200 11
34 4 54 18 200 15 75 1 24 8 180 50
23 2 64 8 150 20 22 6 8 11 191 61
26 14 28 15 250 40 30 20 4 13 298 80
48 2 30 2 311 80 16 2 45 2 147 22
58 7 27 3 229 57 27 2 47 26 214 3
18 8 25 20 13 3 43 2 46 14 328 13
41 5 10 8 393 119 49 3 10 18 94 17
25 16 14 16 257 1 36 5 27 10 155 13
33 11 38 21 348 64 16 10 17 6 343 30
29 4 33 12 135 15 51 2 3 2 114 31
31 1 57 13 172 23 24 2 7 8 327 84
82 3 4 13 39 11 58 3 19 10 58 18
64 3 35 2 156 37 26 1 13 19 58 15
27 24 60 10 26 7 42 9 42 23 157 13
67 8 16 18 197 49 20 20 29 6 17 1
28 1 52 1 259 39 23 2 55 18 52 11
24 1 6 14 393 43 61 3 24 12 320 54
47 1 30 0 143 9 86 6 2 11 360 54
41 16 38 12 90 18 84 20 8 9 397 16
32 7 63 3 174 20 77 8 3 13 187 50
50 4 13 23 62 8 45 3 8 12 125 35
53 18 17 10 236 39 70 3 9 10 87 10
35 2 18 11 127 17 66 7 9 26 186 60
45 3 24 6 132 14 49 1 27 1 228 42
69 1 26 26 372 12 16 1 34 17 197 23
16 12 56 9 84 10 26 4 6 25 174 30
62 3 4 5 133 21 15 9 36 18 273 58
33 5 66 12 109 16 32 1 30 1 329 73
47 8 29 20 161 10 47 3 38 2 162 26
79 1 19 1 209 15 75 18 24 8 348 81
74 17 13 12 77 23 24 1 8 5 202 6
54 3 24 22 376 13 22 1 16 1 241 72
26 10 12 9 12 2 37 4 18 10 141 21
42 3 46 12 43 1 45 3 25 17 46 1
