38 4 15 3 394 10 25 8 50 4 150 31
52 1 19 5 161 40 19 7 12 17 337 42
84 1 14 22 51 4 42 3 34 2 277 2
22 7 62 22 370 54 54 8 27 13 315 64
42 3 12 2 320 49 26 3 66 4 403 17
21 8 34 11 136 31 35 12 51 7 35 6
24 22 22 11 69 1 56 9 28 17 130 37
20 1 72 10 191 37 20 7 31 19 257 30
29 4 3 11 39 11 35 14 12 23 334 5
37 1 2 2 141 38 85 1 2 1 241 2
31 14 38 7 373 81 79 17 9 8 302 66
77 5 14 6 294 25 15 1 38 0 321 69
38 1 19 0 172 34 38 8 52 6 142 40
29 24 18 12 144 27 17 3 15 6 193 21
18 12 74 17 49 8 15 15 27 17 170 37
27 6 13 22 46 9 25 5 41 18 31 2
25 4 7 15 101 28 26 15 13 13 354 91
35 20 25 13 241 11 28 1 32 0 103 33
42 11 6 24 373 3 21 6 68 21 144 40
21 6 53 22 376 87 51 9 3 7 40 5
69 1 18 0 211 64 79 10 20 22 290 42
22 8 51 25 293 6 70 3 19 15 184 26
18 13 30 7 33 9 25 18 53 8 289 79
56 2 42 5 53 7 24 7 14 8 35 6
44 1 39 24 346 43 23 4 65 23 219 46
30 2 66 2 373 49 19 8 19 4 108 27
48 8 37 18 215 38 16 20 34 6 87 7
28 3 21 11 215 8 41 9 54 4 403 82
23 7 27 5 213 5 76 1 17 8 216 22
31 16 8 17 373 105 23 1 18 10 15 3
51 5 43 22 140 17 59 2 5 7 342 101
20 1 27 1 79 13 31 17 4 15 150 47
57 6 9 13 132 34 15 8 19 18 245 10
82 8 17 12 50 9 50 1 35 1 224 22
17 20 21 18 379 88 20 2 66 2 15 2
19 2 76 5 99 28 52 3 46 14 14 2
92 20 5 13 110 15 32 19 35 12 120 29
27 4 9 4 194 15 43 25 21 10 243 33
32 8 7 12 144 20 30 13 7 5 338 23
35 6 7 9 320 100 17 5 69 13 64 3
47 1 39 1 119 1 28 2 21 4 69 2
