19 2 55 18 358 14 55 24 3 10 11 1
58 3 2 19 96 10 34 12 50 9 268 88
52 13 44 16 211 14 87 2 3 3 265 57
15 3 33 5 271 40 29 17 62 18 239 76
56 5 24 4 313 57 68 2 11 9 152 31
55 3 7 11 287 55 53 6 9 3 108 21
39 7 24 7 151 20 17 2 57 2 163 53
18 5 77 18 224 51 38 19 21 6 109 26
26 4 8 3 379 108 58 2 4 4 355 79
39 18 12 14 210 25 33 16 51 15 15 4
65 11 15 8 351 95 45 10 37 25 244 53
21 3 42 18 77 22 45 2 47 21 305 51
63 8 3 20 110 11 15 9 28 17 327 83
34 5 6 18 146 32 26 9 52 17 384 78
32 1 65 1 228 47 27 1 10 9 391 72
52 1 19 13 325 21 21 12 14 12 272 68
29 21 16 15 384 98 63 17 2 8 343 8
60 21 19 15 172 25 21 9 11 15 104 5
21 3 24 2 123 30 58 1 18 0 371 24
58 2 26 3 297 72 64 1 6 13 278 49
31 1 51 13 289 80 54 4 32 12 359 84
32 2 34 2 66 7 24 2 10 13 105 11
30 11 39 4 257 34 53 6 16 3 324 18
46 4 17 24 324 63 53 5 17 8 255 20
31 1 9 0 283 68 34 2 44 5 151 11
39 13 44 7 102 27 86 4 6 6 183 50
66 18 2 12 243 58 26 2 44 2 51 8
45 4 50 10 29 1 18 6 12 8 353 15
17 20 59 9 382 1 59 1 6 0 127 35
38 10 3 4 32 6 30 4 15 5 28 5
27 18 11 15 95 2 35 5 17 23 392 77
28 1 3 12 328 57 37 8 2 15 246 48
45 8 3 16 319 85 64 3 20 8 275 69
18 1 18 17 356 33 32 1 33 0 414 127
58 11 26 11 265 4 55 1 23 1 375 24
16 6 44 3 99 13 23 9 52 4 392 113
25 1 62 9 285 43 40 7 11 24 86 16
37 1 32 3 83 1 31 6 32 10 31 2
76 16 15 8 361 94 18 1 12 1 42 7
42 18 12 17 69 6 47 3 18 12 71 2
24 8 55 18 83 14 43 8 32 15 209 10
50 7 2 9 393 35 33 1 32 17 183 56
