66 7 7 7 342 59 22 5 36 7 392 122
63 5 27 20 404 90 33 3 26 2 12 2
44 15 16 18 28 2 53 2 16 3 301 13
49 15 9 18 307 10 20 4 31 10 137 16
17 5 34 15 251 23 34 5 36 3 202 17
51 1 12 14 278 24 44 1 8 1 113 6
24 3 6 2 152 8 78 21 20 13 61 14
83 4 2 4 61 2 24 17 9 18 241 79
23 2 32 25 253 23 36 5 24 8 183 55
97 5 2 18 351 59 35 3 12 9 191 55
37 9 4 23 158 33 67 1 3 7 115 5
19 1 69 10 231 24 36 18 16 15 58 13
43 7 11 22 241 67 57 4 26 5 135 33
55 3 27 26 272 47 16 8 76 8 66 3
24 12 56 7 140 29 20 8 51 19 89 11
42 12 25 7 313 23 21 1 46 8 150 28
17 4 44 4 348 46 33 16 29 8 120 7
45 3 31 15 280 87 26 1 46 2 125 20
37 4 13 21 350 48 45 4 21 3 252 7
18 2 15 5 289 34 46 12 8 19 263 42
28 13 34 16 208 64 28 10 24 13 95 26
27 1 21 2 135 16 15 13 22 23 270 38
41 6 3 21 80 18 29 2 31 6 24 6
26 3 54 11 118 25 50 5 32 3 76 15
64 7 15 5 35 8 26 12 5 9 308 15
56 3 18 26 281 45 35 1 63 1 323 32
85 4 14 5 307 63 76 4 19 9 143 22
16 1 44 4 183 12 30 11 22 19 231 45
26 2 9 8 219 69 15 1 23 8 99 7
34 5 42 8 258 20 40 2 55 18 395 92
41 2 26 3 382 20 24 1 17 2 386 94
24 1 13 14 354 18 31 4 19 9 55 14
92 3 5 8 294 23 21 1 11 0 278 67
41 20 16 6 153 45 16 10 31 12 183 43
33 10 48 17 154 15 76 4 5 8 402 79
21 4 27 14 220 37 31 10 43 13 85 26
19 9 27 14 48 7 55 10 42 4 291 34
23 11 10 24 277 73 15 3 17 9 155 39
72 16 16 21 256 48 43 15 13 9 13 1
47 14 15 18 31 6 35 1 15 4 30 9
23 7 23 8 105 19 43 6 17 23 85 21
