62 85 39 50
70 73 99 90
79 54 50 61
57 40 76 82
16 35 73 79
56 58 42 66
91 94 83 99
73 34 28 99
62 69 18 32
60 91 25 27
64 88 54 30
67 39 15 51
82 62 59 31
33 36 40 51
63 25 17 91
91 71 71 62
72 57 35 39
52 62 93 49
81 81 72 64
68 70 67 65
41 68 49 69
24 83 58 21
100 70 84 99
34 23 97 52
68 70 78 82
98 46 42 70
81 30 52 70
29 37 81 39
17 39 71 21
48 80 58 20
67 68 68 80
54 58 57 80
77 94 36 40
48 33 72 74
55 68 87 88
32 32 70 99
91 20 85 32
94 80 55 63
91 83 81 78
19 15 51 51
56 85 78 91
94 86 26 99
