17 6 21 9 43 13 46 8 49 4 199 37
21 4 22 18 132 15 44 16 17 8 31 6
34 2 39 6 119 27 94 3 5 11 103 27
62 22 11 9 244 24 15 5 26 16 54 10
54 4 40 13 98 29 46 4 49 9 104 1
46 7 17 19 105 1 24 1 37 1 406 80
27 4 5 5 200 11 57 19 27 16 343 14
65 7 8 16 59 2 42 4 13 13 177 16
62 3 37 2 88 8 17 5 13 22 46 1
18 1 22 2 192 16 53 5 10 15 314 42
17 7 18 13 21 3 51 4 35 3 16 4
32 10 52 18 284 81 61 17 37 5 12 2
58 6 8 8 250 48 40 1 58 9 93 19
47 2 8 2 18 1 31 1 6 0 250 49
37 1 17 1 344 73 74 1 3 1 120 18
19 4 19 4 179 36 16 5 31 9 392 95
15 7 70 3 147 7 38 3 10 14 211 32
31 22 22 11 226 41 18 1 20 15 382 98
33 19 3 17 140 44 15 17 34 12 404 109
17 6 28 24 233 11 57 14 14 12 77 22
22 21 37 11 191 15 41 5 55 3 230 62
25 9 10 10 170 29 20 11 22 6 205 23
31 20 19 9 206 50 43 3 10 12 384 97
27 2 41 5 104 16 24 3 75 7 162 37
42 9 20 4 18 2 48 4 3 3 283 24
27 2 8 19 238 30 47 15 33 22 239 32
44 5 31 4 254 31 35 22 8 13 322 96
35 16 20 19 361 110 31 5 5 8 329 68
77 4 14 16 293 78 35 1 7 9 354 107
28 21 2 15 114 32 70 3 14 2 208 58
46 1 23 2 184 12 62 23 26 6 224 15
21 2 53 15 234 20 22 3 58 5 168 16
51 19 15 11 160 38 26 7 27 3 158 21
74 13 9 9 144 1 59 18 4 6 296 45
44 1 32 2 158 22 24 5 6 4 293 29
94 6 4 6 218 65 64 2 6 5 405 21
31 1 25 3 97 20 20 4 16 17 416 46
36 1 26 26 105 10 27 2 16 5 274 15
42 8 7 18 31 6 32 1 21 21 24 7
49 1 46 3 219 9 32 11 12 6 350 80
17 1 80 12 201 39 21 11 49 11 296 7
78 1 11 2 417 53 36 13 3 13 275 76
