20 10 56 13 158 28 36 1 18 0 76 7
39 5 4 18 218 3 44 24 47 12 36 3
37 4 24 22 231 72 20 9 38 10 239 20
43 1 12 2 308 18 51 2 22 13 171 53
17 2 16 14 308 33 52 5 40 6 54 8
74 20 9 9 243 73 28 11 22 19 312 64
34 5 60 4 273 45 33 1 5 0 264 10
28 6 68 14 68 18 29 6 9 3 319 49
33 15 14 13 356 6 20 14 36 19 225 23
16 16 23 20 139 34 54 14 30 20 269 32
46 3 52 25 189 1 18 10 45 18 342 38
15 12 18 5 90 24 53 3 17 22 334 59
62 1 9 0 40 1 43 11 5 6 286 51
46 1 35 2 268 65 74 1 5 0 181 7
35 1 36 0 258 30 21 16 52 13 25 3
26 3 4 6 219 44 34 1 21 1 334 57
16 5 28 26 369 81 51 1 35 16 292 63
16 1 19 0 37 7 18 1 24 21 21 2
72 1 12 1 250 11 35 17 33 18 126 36
35 5 27 4 144 1 24 1 10 2 281 48
42 9 14 4 246 35 40 2 12 2 137 32
48 22 51 6 44 9 19 2 51 4 112 33
17 20 18 13 199 58 55 9 34 10 22 6
74 2 6 4 50 14 39 2 12 19 359 38
18 3 70 2 94 9 70 9 15 23 200 3
39 2 28 22 244 44 34 1 24 2 119 38
51 1 6 2 192 9 15 21 49 16 275 46
24 8 53 8 388 30 28 3 2 8 232 68
20 7 18 3 141 13 20 12 43 18 27 4
27 9 24 4 99 8 47 4 11 5 301 69
20 5 23 3 16 2 18 7 77 20 169 45
21 5 25 15 130 29 19 1 55 9 379 13
43 8 3 4 127 11 26 6 33 12 204 16
30 4 66 17 333 42 18 1 14 1 344 66
40 3 47 9 381 66 44 6 10 9 171 8
21 1 16 5 141 18 30 8 7 6 96 4
38 7 18 5 368 54 49 7 31 13 366 27
89 25 4 7 140 33 30 21 18 11 252 57
28 8 68 4 267 34 24 20 22 13 360 26
16 1 19 0 134 39 19 2 31 3 157 12
