28 4 51 3 305 26 18 2 68 13 334 53
18 4 45 20 258 2 32 1 30 0 59 11
49 1 24 17 259 2 65 6 23 12 274 82
43 19 8 11 127 19 19 1 12 9 226 61
30 1 4 1 36 6 22 11 46 20 54 12
26 9 68 7 365 102 42 6 25 8 360 47
30 10 22 11 54 12 28 2 8 2 319 85
21 8 42 10 111 12 83 23 14 12 46 11
17 12 18 20 311 65 29 24 17 10 19 4
18 1 21 2 170 35 38 6 50 6 302 8
45 1 43 4 34 2 34 8 29 17 225 55
51 18 42 18 370 92 21 3 38 6 225 41
50 1 8 9 12 2 53 13 10 7 89 6
30 1 33 20 334 33 83 9 12 12 78 17
42 22 6 15 182 22 23 3 15 13 252 12
41 20 9 9 169 47 24 1 6 8 233 38
60 1 9 3 12 2 80 17 7 20 258 26
24 11 8 10 135 39 71 1 20 0 245 6
40 2 10 21 109 18 93 25 2 7 216 14
29 3 8 12 202 30 46 9 33 12 359 34
74 19 2 11 160 6 27 20 4 16 110 27
19 3 66 15 358 60 31 9 4 13 206 35
30 2 15 17 280 66 46 6 29 15 299 18
31 1 29 15 376 92 22 20 43 11 330 62
35 5 41 15 328 81 40 14 45 11 337 10
67 2 9 6 294 48 58 14 32 18 225 18
17 6 57 13 214 51 29 4 17 14 102 16
48 10 17 18 12 1 62 18 6 20 286 45
35 1 30 3 331 46 29 11 38 14 206 19
48 8 42 6 260 82 43 9 49 7 314 54
24 13 22 20 51 12 61 3 18 17 56 6
20 2 76 2 99 8 38 9 19 10 218 63
51 3 11 7 196 2 41 1 49 2 180 33
18 1 13 5 336 110 28 5 13 9 298 31
15 2 20 10 333 67 32 2 18 8 120 14
74 7 17 18 133 5 18 16 26 10 274 9
53 1 2 4 193 10 17 3 30 26 297 8
18 1 27 18 223 34 45 3 44 9 194 61
