15 12 36 10 96 25 38 13 11 22 305 36
68 9 13 7 243 49 48 4 50 14 204 18
23 4 10 6 43 9 37 3 8 23 181 1
33 1 11 0 71 21 24 1 35 3 125 26
25 3 55 2 90 16 40 4 34 21 281 31
15 10 19 13 105 2 54 2 18 13 305 78
19 3 21 4 140 12 30 7 20 22 159 2
46 1 32 0 200 44 27 1 27 0 276 5
24 4 51 17 71 5 27 25 6 7 58 2
32 7 12 19 134 19 63 5 4 13 145 18
17 3 60 23 326 35 74 4 7 8 336 95
34 16 41 17 72 8 29 11 47 8 94 24
48 2 46 2 152 33 41 1 8 14 305 90
62 2 5 2 61 17 48 3 47 23 307 18
28 1 43 0 197 30 43 19 16 14 107 27
67 17 28 13 219 3 69 11 25 6 211 58
17 6 15 8 59 11 18 4 57 20 23 2
21 5 22 6 90 24 33 7 15 21 35 8
41 1 49 2 245 55 22 2 20 17 54 14
15 8 23 16 13 3 38 8 22 21 342 95
38 1 56 0 135 41 16 8 73 10 99 5
17 1 41 1 343 14 38 4 43 21 277 56
25 9 7 12 44 1 62 3 33 5 218 71
18 2 76 4 359 73 43 6 39 5 227 45
48 17 37 13 341 12 64 16 17 12 294 76
58 1 24 1 185 27 16 1 14 1 91 6
17 4 31 4 373 118 33 17 66 12 306 15
68 2 2 5 94 10 15 8 43 7 192 52
21 4 18 11 159 9 26 8 33 19 63 12
18 2 73 9 317 9 21 1 47 9 198 28
16 5 19 13 115 31 27 9 29 16 380 6
27 1 60 1 175 22 25 2 12 9 160 49
43 2 15 18 210 24 39 2 47 23 315 59
37 12 21 16 239 13 16 5 35 12 360 77
33 4 16 14 146 21 47 6 44 24 373 114
32 7 57 15 269 42 46 12 36 10 228 56
84 1 10 3 136 5 58 10 2 6 203 53
45 2 37 23 46 8 81 1 6 16 94 22
31 7 10 9 198 31 19 5 46 17 370 18
