82 6 10 8 285 60 56 6 20 11 187 42
68 5 16 12 299 6 31 1 3 20 154 38
88 3 5 5 117 38 26 3 70 2 248 16
19 6 16 5 299 31 16 5 46 9 65 15
44 5 24 25 95 10 85 6 12 26 127 20
20 10 26 11 147 29 58 6 2 9 245 59
47 2 32 12 351 41 75 7 17 5 344 90
18 4 28 25 206 25 32 7 17 22 115 27
16 1 33 1 319 38 45 12 19 9 116 33
63 5 36 16 275 47 57 8 26 23 56 15
26 2 58 17 290 37 57 14 17 5 109 34
30 19 13 19 336 104 86 19 13 6 27 2
43 1 34 0 33 10 18 14 23 23 143 23
90 1 2 9 127 2 51 6 23 5 51 8
21 2 34 11 48 8 15 14 17 19 216 31
40 22 6 13 283 71 84 4 11 4 122 36
44 4 36 14 351 49 18 3 48 2 38 9
26 19 20 12 39 7 23 9 57 12 117 24
30 4 8 9 144 21 88 2 8 13 338 28
24 8 8 17 28 5 33 6 45 12 267 21
44 15 48 16 173 8 25 19 5 11 311 61
15 8 18 16 174 25 58 1 15 20 160 44
44 2 2 4 357 110 19 16 16 8 339 53
51 2 32 10 53 1 15 6 27 8 74 2
54 11 34 16 320 45 64 12 26 19 315 98
57 1 26 2 218 47 16 1 25 5 268 58
53 17 8 16 177 5 35 21 25 16 339 59
25 5 55 7 104 21 30 3 6 21 93 24
28 20 15 18 206 18 24 15 55 18 57 3
32 1 60 12 374 120 47 1 47 4 39 4
20 20 19 11 44 4 70 1 10 3 337 46
19 7 43 21 32 9 22 2 16 26 164 8
30 4 51 12 192 47 55 2 27 8 73 22
32 3 51 15 312 85 17 1 66 19 238 65
33 11 31 4 315 38 18 7 15 14 71 16
53 20 8 16 92 22 50 1 12 3 263 28
34 23 20 6 62 18 29 17 55 16 223 40
86 18 4 8 150 19 80 15 11 11 84 7
