60 11 21 12 177 58 23 7 7 13 219 44
16 1 35 1 207 35 30 1 15 13 169 20
38 8 51 10 111 19 75 1 19 23 184 20
41 3 28 6 350 43 30 10 11 4 201 8
69 1 24 2 104 5 26 19 52 11 342 106
55 7 19 16 134 12 36 15 4 9 52 16
38 8 25 11 323 3 78 8 16 24 272 86
60 7 27 18 314 55 55 2 29 18 198 55
34 1 6 2 17 2 16 5 26 9 313 11
21 2 32 5 57 17 26 4 57 18 97 31
31 2 47 9 249 58 53 16 2 20 312 54
95 4 3 6 349 25 18 13 75 13 238 13
24 18 55 6 203 8 27 2 20 3 90 9
86 14 5 9 340 65 38 3 59 7 95 11
68 1 8 5 92 7 22 1 20 0 122 2
27 17 41 5 339 81 23 21 20 11 232 15
41 1 53 14 66 2 32 12 24 16 216 6
24 3 75 10 378 26 23 3 9 4 223 55
40 1 30 13 153 38 36 5 53 13 323 43
33 1 65 6 180 35 60 1 5 0 212 39
23 5 8 25 115 34 25 4 15 5 158 37
41 17 7 18 206 6 33 11 8 21 345 59
56 1 5 1 300 53 64 10 18 21 70 1
74 13 9 10 335 88 57 11 2 6 235 75
33 1 54 1 219 44 33 1 5 5 178 16
38 8 29 21 108 11 20 6 28 13 337 18
55 8 35 20 19 3 35 1 49 19 364 50
25 4 48 4 363 92 67 1 14 2 25 6
19 12 44 12 316 71 34 1 16 4 208 49
64 3 28 12 362 101 38 3 31 7 28 8
19 11 34 21 315 87 47 3 20 13 59 16
49 2 3 2 173 3 43 1 30 19 313 36
23 17 28 16 162 53 23 9 23 12 287 56
53 1 34 23 222 44 18 1 81 11 242 51
21 1 14 0 254 64 33 9 18 21 157 29
23 5 12 25 214 11 22 6 15 13 29 4
37 11 19 12 53 2 32 16 3 12 240 37
22 3 11 10 341 83 50 22 34 11 357 10
