18 3 37 25 26 4 20 3 28 14 239 26
35 2 22 25 138 41 31 24 5 12 87 4
68 8 10 22 340 47 68 1 6 3 390 95
68 2 21 7 398 120 22 5 8 24 112 20
68 1 24 25 241 79 20 6 16 3 369 16
45 9 9 4 166 46 61 11 4 8 268 56
29 2 4 8 75 17 21 5 18 3 155 48
18 12 21 21 301 77 38 13 12 10 283 71
44 11 20 24 210 20 76 10 11 14 122 24
27 19 4 16 261 10 30 5 17 7 205 61
34 1 15 15 205 27 66 4 31 5 314 48
70 12 2 19 127 38 58 12 18 10 196 41
73 4 6 23 354 99 15 11 46 10 125 7
23 10 11 9 289 69 44 8 49 7 139 10
70 10 26 24 256 29 43 2 55 17 280 37
37 24 12 7 152 43 40 7 12 3 175 27
44 4 31 5 192 34 54 3 16 20 88 12
34 15 62 11 164 53 79 1 11 23 310 68
26 7 14 19 396 85 80 2 19 16 107 2
38 1 47 0 395 123 36 6 17 26 131 36
50 6 14 25 382 10 43 8 8 7 17 2
25 8 8 16 175 16 22 5 38 15 248 55
19 9 15 14 213 21 39 6 25 14 284 52
16 1 47 0 43 3 31 12 2 9 44 12
18 17 16 15 75 24 32 4 45 12 386 4
59 4 19 3 406 74 67 1 7 0 256 53
37 9 14 9 313 29 42 1 22 3 42 3
23 8 25 13 367 3 22 11 15 4 288 15
42 6 8 15 213 18 88 3 2 4 53 2
26 8 65 18 373 119 86 16 6 17 206 13
69 4 24 9 189 23 60 1 19 6 115 9
46 5 31 14 322 86 16 23 68 12 281 57
83 6 10 13 203 45 37 5 33 4 135 27
16 8 71 23 212 67 29 1 27 10 166 19
52 2 5 11 269 36 50 1 46 18 22 4
29 22 22 9 57 12 75 11 22 20 226 8
32 4 61 6 147 40 31 5 41 22 205 31
15 5 36 3 46 6 44 7 21 7 244 18
64 1 15 0 348 20 26 17 35 20 46 9
74 8 10 18 42 1 28 4 5 8 298 28
81 11 2 11 311 5 30 1 41 1 39 10
