38 2 28 2 149 48 34 4 53 8 75 15
29 13 23 18 29 2 24 1 73 0 304 11
62 4 22 15 81 22 57 3 4 4 267 27
15 1 71 2 138 34 18 1 13 2 302 92
35 9 37 10 238 13 57 1 12 5 38 11
33 8 15 23 190 50 58 3 6 10 395 1
26 22 39 13 307 6 57 19 32 11 393 82
17 8 24 15 176 22 66 6 31 19 392 9
50 6 4 3 115 19 25 8 6 4 68 21
21 18 27 8 27 5 22 6 21 9 84 27
41 10 9 4 166 48 27 6 16 10 129 10
30 4 62 3 84 3 25 12 5 18 50 4
70 10 12 18 66 20 85 9 14 6 29 6
36 1 7 1 227 74 23 2 75 2 93 3
91 1 2 0 214 57 37 12 57 18 184 42
46 20 16 16 324 15 24 10 10 16 397 43
46 2 16 14 122 23 27 2 47 5 187 8
63 3 5 2 130 34 53 2 29 2 279 22
66 6 12 11 370 36 72 9 15 4 14 2
48 16 32 13 31 2 20 5 17 23 234 5
84 3 14 16 40 2 18 25 55 7 97 3
19 12 65 7 239 30 59 16 4 19 43 10
27 7 12 15 118 13 61 1 10 17 188 55
29 2 24 4 10 2 36 2 36 7 177 30
39 5 23 19 273 2 40 7 34 3 234 32
35 1 51 24 74 10 49 6 12 12 313 47
16 2 50 2 39 2 21 4 78 15 208 64
43 20 3 13 44 2 27 16 4 15 329 76
20 10 25 25 111 16 83 1 6 2 388 85
41 3 27 7 36 8 46 2 19 2 350 89
26 7 43 3 224 52 19 11 75 14 383 70
31 7 7 8 113 8 19 2 11 16 31 7
28 1 2 7 305 2 22 7 41 15 219 49
42 1 20 24 80 21 15 1 44 0 227 74
25 1 65 3 203 32 33 1 4 11 154 16
57 9 26 9 45 1 16 1 61 5 325 53
18 16 19 10 157 8 40 16 26 13 180 18
48 20 18 15 297 57 15 7 44 7 139 35
33 13 41 7 270 25 45 8 15 24 95 20
26 11 20 19 344 59 24 2 54 8 316 78
29 1 24 0 66 4 39 2 30 4 299 50
