38 11 5 15 332 105 44 5 33 14 294 89
25 4 59 3 161 12 56 4 37 8 44 3
27 10 19 19 228 22 47 3 12 9 221 21
55 10 2 20 174 41 25 2 26 2 322 12
51 14 23 11 133 34 33 1 11 4 316 6
36 5 10 4 99 15 16 13 27 18 351 10
24 6 9 12 362 4 41 2 54 6 135 29
24 1 24 0 68 8 62 2 33 3 196 38
38 16 53 8 304 66 19 2 56 21 268 32
18 1 49 0 119 16 39 26 53 7 309 59
69 10 3 19 191 10 70 5 9 8 283 89
24 6 15 3 186 47 44 6 44 18 166 28
54 2 42 22 91 27 27 1 33 3 177 23
21 3 33 9 249 62 15 6 28 14 345 62
69 3 24 9 317 49 40 1 13 6 86 20
20 2 13 7 17 1 33 1 8 0 207 35
42 1 34 1 156 42 79 14 20 12 261 31
41 24 13 12 278 24 41 4 33 13 58 14
39 7 15 10 106 28 23 5 23 3 278 54
25 13 16 17 357 24 65 4 32 26 15 1
62 10 4 13 56 15 48 1 33 0 151 37
18 4 24 21 356 82 16 1 73 16 305 54
81 15 10 5 28 1 31 1 15 4 201 60
54 6 25 10 327 59 26 6 45 14 244 55
29 8 65 6 87 16 34 7 57 10 158 30
55 3 4 9 85 20 74 2 8 14 283 66
21 12 57 5 296 55 35 22 60 13 45 12
78 6 9 21 331 54 57 6 41 20 171 13
37 1 4 20 18 5 15 5 67 13 314 80
81 2 7 4 33 7 46 5 2 10 39 1
74 21 13 6 120 8 30 8 7 8 44 8
53 3 26 6 365 42 20 2 19 23 220 49
18 7 24 13 107 5 32 6 39 19 270 35
31 1 7 10 322 96 75 6 8 6 186 50
33 8 36 23 87 4 17 5 30 4 162 24
21 8 42 6 261 34 35 5 17 19 45 9
30 12 64 18 164 41 47 21 3 9 218 69
43 7 9 24 102 4 53 1 38 8 248 2
