17 2 14 9 158 47 55 15 10 14 207 55
64 4 15 3 50 4 18 8 52 22 36 10
42 20 36 16 330 60 33 4 12 5 214 29
23 17 15 16 390 110 60 9 4 9 124 21
47 1 5 1 308 66 17 5 39 3 209 51
17 21 43 6 232 63 54 4 2 26 168 13
51 7 5 13 230 8 25 5 7 15 303 8
65 2 29 14 75 18 28 5 69 6 152 23
39 1 28 0 391 115 28 11 16 16 137 24
85 24 6 12 245 4 76 4 8 10 397 114
74 4 21 13 344 59 15 1 81 0 326 35
16 6 35 15 309 45 36 10 5 17 24 3
77 4 9 20 54 9 60 12 9 14 388 60
29 4 63 9 96 18 30 19 41 11 123 29
16 2 30 17 211 3 53 5 14 13 327 87
24 2 8 3 262 58 34 1 51 10 151 28
15 8 69 6 337 35 32 11 4 16 298 21
22 21 53 9 214 65 30 16 47 12 139 2
44 15 39 8 278 23 15 7 20 10 252 19
31 15 20 11 40 10 91 4 7 9 51 8
33 1 7 0 49 15 41 13 7 21 13 1
18 2 42 8 238 60 42 6 15 12 322 43
76 8 16 20 68 5 37 1 5 6 204 14
57 6 26 12 164 14 78 17 14 10 76 21
34 3 12 14 114 16 31 10 50 4 382 96
22 1 25 2 364 45 57 6 9 16 384 117
16 8 17 22 144 6 24 10 33 20 28 5
53 8 45 13 363 62 62 16 16 21 146 42
46 1 22 16 215 61 73 3 8 10 269 80
23 3 10 16 169 49 38 2 6 11 297 92
31 5 8 3 62 16 40 3 48 12 47 1
20 6 55 14 104 18 24 4 9 24 307 82
46 6 49 26 387 102 61 4 35 10 223 4
27 2 7 2 161 12 71 1 11 1 272 37
19 10 33 21 157 31 27 19 69 19 371 96
21 6 30 3 278 81 23 1 7 20 64 10
15 7 27 5 179 44 19 1 34 8 210 6
24 3 20 4 106 20 42 6 42 23 172 46
25 12 32 23 383 97 46 17 27 12 354 93
49 1 13 1 272 2 80 2 18 2 255 36
