28 4 44 13 42 4 29 1 23 0 346 74
74 8 8 6 356 99 57 11 40 17 178 11
46 11 21 15 12 3 53 25 25 7 257 27
57 6 42 9 295 66 18 12 19 7 350 83
23 11 18 22 47 12 42 8 3 10 17 2
26 16 4 21 344 57 26 9 32 6 340 2
16 5 44 14 80 10 18 3 16 6 193 31
36 5 15 15 129 39 24 11 26 20 383 84
32 1 10 6 220 3 32 1 9 9 96 19
54 4 12 11 326 32 76 4 5 5 292 80
52 4 22 8 48 12 25 6 43 11 11 1
32 5 13 16 335 74 36 13 7 13 177 33
38 1 50 1 313 92 51 2 16 3 338 49
45 1 5 7 370 26 49 2 23 12 393 101
41 2 56 2 405 80 87 7 10 13 176 23
55 19 23 8 374 9 25 7 22 20 226 13
34 10 17 12 220 26 25 1 30 0 168 34
84 4 2 3 270 76 26 18 44 8 21 4
39 12 10 21 409 39 59 11 39 23 46 8
26 20 57 11 368 112 54 16 25 16 115 24
26 2 25 14 59 8 46 10 11 6 23 5
38 1 10 12 112 7 29 15 37 9 124 2
21 3 25 2 27 7 53 6 3 23 147 29
49 1 8 0 217 16 23 15 27 9 319 7
24 3 71 17 305 54 44 2 5 19 219 43
20 2 30 7 285 30 63 12 21 13 58 14
66 5 6 17 366 63 17 5 64 3 145 5
29 10 47 13 149 28 34 3 26 6 301 77
19 12 24 7 128 10 32 16 60 17 224 61
75 3 11 14 217 69 24 13 49 5 347 57
37 1 15 7 272 44 51 7 30 26 267 76
38 4 11 10 173 15 25 1 16 0 149 28
23 2 52 2 212 61 30 3 34 7 123 25
45 1 13 1 296 72 30 13 53 16 295 43
30 1 49 16 66 18 53 12 27 18 194 34
40 11 30 17 58 15 33 4 3 12 169 2
22 1 9 3 189 50 48 6 45 19 290 26
25 19 32 19 151 11 41 10 27 16 192 4
30 10 2 13 27 6 23 7 28 12 237 57
54 15 23 18 330 16 60 1 24 0 120 3
19 2 80 14 150 1 32 17 15 13 261 9
