34 3 59 7 262 17 47 2 52 4 250 7
21 11 59 12 171 52 55 1 31 1 219 56
38 4 5 3 48 3 29 3 18 16 192 27
54 17 32 16 335 85 59 8 13 13 325 5
67 14 30 21 293 68 48 1 20 3 370 56
35 6 19 12 292 59 19 15 19 22 354 117
20 5 33 8 123 9 37 6 16 23 134 35
23 3 10 22 285 64 25 7 17 14 287 61
21 5 33 3 177 14 71 1 2 0 216 30
33 12 14 19 182 23 27 18 35 8 360 79
17 1 24 12 302 69 55 4 6 17 233 9
26 4 30 24 397 68 20 2 74 4 293 21
20 7 28 16 50 9 45 1 36 1 63 14
40 4 28 13 301 25 30 5 23 10 16 1
38 1 61 1 344 46 43 12 6 13 18 3
50 3 15 7 104 22 66 6 18 5 54 3
73 20 18 9 96 2 26 11 64 22 329 20
42 2 7 4 77 15 17 5 63 25 128 22
39 13 10 7 89 11 32 1 16 0 325 37
22 1 63 14 329 18 30 1 37 1 370 1
55 14 25 11 197 48 79 20 5 11 244 5
32 15 63 14 18 1 17 12 27 13 94 20
28 5 19 12 34 3 45 1 2 1 99 16
39 6 15 11 238 6 33 1 65 0 37 5
25 15 29 22 66 5 30 1 28 1 377 67
41 6 36 19 42 2 15 2 45 14 246 51
23 7 29 14 397 44 18 4 30 5 225 50
30 9 45 4 293 68 15 1 24 2 277 26
42 2 56 3 231 13 22 5 47 15 346 32
31 2 48 18 127 36 40 9 36 9 172 35
27 4 3 8 67 9 30 2 4 7 218 3
51 16 34 20 166 36 28 10 23 4 296 52
15 8 61 17 369 2 64 2 27 8 78 1
20 13 69 9 113 29 38 12 51 7 172 6
53 1 4 2 137 11 69 3 27 17 381 20
46 21 14 9 218 51 41 7 26 15 169 45
19 4 22 11 141 33 18 11 44 11 355 38
33 15 39 18 162 34 58 2 26 16 198 19
83 1 3 0 290 93 22 2 36 22 380 62
52 19 35 19 144 13 16 11 56 17 325 73
