30 1 57 12 179 40 43 3 12 15 170 17
26 6 21 10 383 112 61 3 9 8 297 91
62 6 2 5 386 15 50 5 29 3 144 40
16 8 19 17 261 14 36 7 12 24 322 87
17 1 17 0 340 6 26 25 14 7 292 53
36 4 15 23 268 23 21 3 39 11 267 59
27 1 3 9 57 6 29 1 70 0 59 13
28 1 4 0 209 66 57 4 20 20 144 34
81 4 17 11 161 14 44 8 55 23 275 5
71 4 14 26 342 2 27 3 35 22 146 2
35 5 5 12 327 13 72 16 24 15 114 5
43 6 33 3 314 3 26 19 29 19 303 61
46 17 2 5 241 9 56 7 36 24 200 65
78 23 4 9 212 68 16 1 20 5 186 44
60 13 32 10 134 20 23 1 13 2 350 24
60 3 8 10 238 49 20 4 48 11 61 17
58 6 14 18 272 7 88 2 6 3 219 52
49 7 48 19 278 51 69 10 17 24 256 61
29 11 58 4 111 1 52 11 28 21 385 91
24 1 8 1 53 2 55 12 11 9 41 7
43 19 30 17 75 19 46 1 13 1 256 29
22 1 21 2 180 44 55 18 17 14 61 10
53 1 32 2 347 46 74 1 21 2 216 23
35 11 5 19 242 59 69 14 7 11 197 60
22 4 11 22 62 8 18 12 46 7 184 17
49 2 35 16 353 53 21 10 61 24 386 63
25 2 56 24 100 11 48 1 22 1 162 34
57 5 35 17 139 31 71 16 9 15 227 57
25 13 24 7 30 6 80 7 14 24 381 77
29 1 2 5 157 3 58 1 20 11 320 61
19 3 16 14 314 43 28 12 32 12 149 38
29 1 34 1 356 39 18 1 22 6 187 50
42 1 42 24 360 77 21 9 58 24 141 41
30 13 33 21 397 89 31 12 15 10 388 106
44 10 8 4 219 42 33 3 15 4 88 17
23 1 33 3 214 21 61 7 23 24 103 24
52 1 5 1 106 33 17 5 24 12 261 10
35 6 5 12 97 6 65 1 18 11 271 51
24 1 19 1 72 10 49 4 46 6 303 80
15 17 51 15 296 46 26 2 11 3 57 14
