64 5 16 4 60 12 33 18 5 6 224 52
20 4 74 6 149 30 51 10 22 19 281 65
16 6 46 3 193 52 59 11 21 15 268 86
92 7 2 5 50 4 24 8 17 24 212 28
37 1 28 1 239 15 29 9 8 13 233 9
29 5 9 3 175 46 38 20 4 16 266 8
18 5 21 3 57 7 33 5 21 3 260 55
74 5 13 17 91 6 44 19 8 16 27 7
65 8 11 21 259 7 26 3 7 2 212 65
70 2 18 4 326 69 24 3 61 19 43 2
52 5 7 23 346 88 45 2 54 3 278 30
24 5 11 3 246 10 24 4 13 6 28 5
35 1 16 0 209 26 63 2 5 6 294 61
40 11 31 8 52 12 37 1 42 10 25 6
28 7 59 12 307 79 58 3 23 9 198 3
42 3 20 11 110 15 72 3 23 2 152 41
76 5 9 10 319 46 35 10 7 22 383 123
30 12 11 9 262 82 34 1 61 1 138 39
33 14 26 23 363 79 48 1 9 2 286 14
16 3 70 13 138 4 71 12 6 19 364 18
34 2 6 12 227 56 77 1 20 1 389 56
29 5 6 8 33 4 41 5 11 10 388 54
38 7 5 25 110 33 38 13 52 7 278 63
81 1 8 1 146 31 40 10 54 6 376 84
52 1 35 0 110 28 23 1 18 4 289 7
19 8 34 6 225 71 36 1 18 10 205 64
31 16 24 12 216 32 54 1 23 11 123 13
24 5 59 8 209 36 30 3 9 11 64 15
17 1 51 5 316 19 82 9 8 12 106 2
27 7 67 3 83 12 24 3 33 20 366 10
57 18 3 8 362 43 21 3 76 8 89 3
22 1 37 7 339 70 19 1 27 9 311 36
44 1 22 9 181 40 17 9 22 9 189 27
26 2 42 8 254 50 32 6 35 11 164 41
65 17 20 15 138 32 18 7 34 18 353 34
29 6 25 11 293 58 28 6 47 16 207 61
61 3 12 6 28 4 31 12 4 19 11 2
81 5 13 4 32 9 47 8 33 24 91 19
28 5 11 10 320 5 47 1 20 1 313 11
80 4 12 11 108 2 89 7 6 8 138 29
