28 2 21 12 246 72 29 4 7 14 207 23
45 19 14 11 194 43 57 3 40 8 270 20
29 5 33 24 291 40 35 5 25 23 382 74
23 5 56 25 206 43 72 3 21 9 397 78
18 1 33 4 233 18 49 21 5 9 361 64
28 1 21 7 17 2 39 2 24 2 382 23
17 17 73 8 374 67 30 1 34 1 207 59
56 2 15 7 377 46 43 12 20 12 198 32
23 16 11 16 152 39 29 22 14 13 52 12
22 2 66 3 174 57 39 4 8 16 351 10
56 1 15 2 75 11 17 11 48 14 14 3
33 9 23 4 314 12 32 2 2 8 368 42
15 2 31 26 184 42 39 5 7 6 117 35
27 17 55 19 95 6 20 2 40 14 367 121
53 21 40 13 378 85 73 2 17 23 78 10
31 1 4 8 399 26 42 10 4 24 173 39
29 17 2 20 29 5 24 2 17 2 42 9
62 3 31 24 371 86 25 6 57 5 158 4
29 5 6 10 90 15 69 3 23 4 289 45
93 4 2 3 170 52 74 12 15 14 358 51
21 5 34 4 265 4 46 1 7 0 265 75
26 10 19 21 330 86 22 9 9 20 344 7
44 3 2 2 200 16 19 13 37 20 10 1
15 1 46 0 157 32 45 15 45 18 96 19
15 3 18 23 254 30 24 1 53 0 333 26
63 10 27 16 277 5 28 2 4 12 167 51
50 9 8 4 145 41 74 4 22 6 286 68
65 1 13 1 131 38 72 6 10 12 405 3
37 2 37 2 230 20 32 5 25 7 188 58
62 3 18 4 231 17 86 19 5 14 294 23
17 12 16 9 378 115 28 5 4 9 228 41
35 1 61 4 373 112 47 10 13 16 54 2
88 2 3 2 292 10 16 3 75 2 77 21
63 4 23 3 257 46 19 2 49 6 407 70
41 3 6 2 180 51 32 4 34 10 181 2
32 8 20 19 47 6 64 14 21 20 384 11
33 7 45 5 119 1 57 1 19 1 227 68
54 4 26 24 308 32 26 13 44 21 346 35
82 5 16 14 188 16 37 10 54 14 108 29
72 7 21 15 313 69 43 6 8 10 250 64
17 12 47 9 156 2 23 12 30 23 318 1
