25 3 51 2 64 17 21 12 27 14 363 24
51 21 11 16 380 65 56 7 28 8 136 38
54 2 34 19 301 4 15 24 27 12 46 5
39 1 55 6 390 74 45 1 10 1 374 108
38 2 7 2 329 21 75 3 20 10 191 2
88 10 3 6 190 33 20 7 27 9 213 58
63 4 26 16 109 13 40 6 30 8 338 25
27 10 53 21 145 9 33 2 46 6 124 29
34 5 17 3 295 16 25 1 6 2 209 26
18 2 73 22 80 4 47 9 25 7 92 22
15 16 23 16 24 5 86 2 11 14 178 30
29 2 56 2 371 119 20 16 48 16 42 1
28 1 32 1 279 83 23 2 48 10 112 31
41 6 45 15 95 5 26 3 57 4 279 17
33 16 27 20 313 40 28 2 69 9 145 40
42 1 44 18 240 48 16 5 67 8 106 27
47 6 52 9 35 3 21 8 11 23 253 77
26 4 54 17 102 31 67 8 9 17 239 31
60 2 10 7 13 3 30 2 57 10 393 58
66 10 27 6 120 13 54 9 21 13 75 10
19 3 24 11 263 83 27 13 38 7 85 16
54 11 44 17 163 32 15 10 24 25 258 35
24 18 18 12 198 23 69 5 28 9 342 38
31 8 23 19 298 11 75 2 24 4 58 15
38 4 42 6 363 97 31 8 5 6 284 71
30 5 15 17 359 54 71 10 19 18 298 97
28 15 4 8 34 3 76 4 17 4 176 36
60 11 18 20 340 85 59 12 30 21 79 20
27 14 6 18 60 6 74 24 14 7 92 15
78 5 17 23 139 19 25 4 29 4 162 40
19 3 56 13 276 66 55 8 6 18 48 7
39 4 3 9 67 8 61 1 8 3 114 25
43 11 21 6 366 54 21 1 34 5 320 1
78 5 2 14 308 84 18 4 41 11 94 18
51 10 5 4 107 33 24 4 55 3 399 18
36 11 47 23 222 54 43 16 31 16 15 1
31 8 7 20 71 14 64 1 8 21 209 63
40 13 25 9 26 4 52 8 7 4 376 66
39 15 55 16 315 92 62 1 2 14 19 1
39 2 5 3 395 76 40 9 5 20 52 14
