29 5 3 19 245 64 36 14 28 7 167 1
18 2 26 2 222 51 77 6 14 8 293 88
21 6 20 11 260 47 26 18 15 20 273 44
20 6 12 6 29 3 58 4 24 3 296 51
44 12 35 13 73 8 84 6 5 10 382 8
25 4 7 12 232 70 36 1 62 2 205 33
24 11 71 10 132 37 46 19 34 6 358 76
44 5 5 6 310 77 35 5 28 18 98 4
25 14 29 15 297 49 43 1 7 10 149 38
16 5 78 7 50 5 28 1 3 0 285 75
23 8 9 17 382 72 32 13 28 15 328 64
57 4 16 14 55 7 29 2 36 22 180 53
35 17 6 16 280 11 21 2 75 13 236 38
17 1 32 0 52 1 47 13 18 17 186 21
18 1 44 0 286 28 26 17 35 16 174 23
29 15 5 20 306 33 85 3 13 12 295 20
42 1 53 5 313 51 71 4 23 16 122 31
17 2 58 3 179 3 31 10 45 19 319 64
30 13 26 22 317 100 23 6 55 6 264 54
21 1 32 1 251 15 15 12 23 17 252 64
26 21 44 16 112 36 38 15 45 11 71 13
84 5 13 19 379 67 39 14 14 21 248 52
57 9 33 4 179 54 51 1 9 0 106 33
57 22 31 13 35 9 64 10 8 12 226 1
15 16 32 10 203 44 23 13 60 16 292 36
15 2 71 2 178 8 24 1 58 1 369 78
28 11 20 17 232 36 22 3 38 19 221 17
54 3 27 6 373 95 21 24 52 10 44 2
15 6 44 14 162 2 27 14 33 7 378 61
26 1 62 1 37 9 35 4 16 9 44 12
16 3 47 18 253 12 57 3 19 2 267 11
35 1 2 1 288 83 49 5 14 24 331 8
34 15 12 11 105 18 17 10 23 18 310 75
16 6 16 11 363 39 67 11 32 8 122 35
40 18 40 20 141 5 31 13 11 7 298 4
69 1 23 1 10 2 17 5 44 26 91 2
38 6 56 5 82 7 17 1 28 0 290 11
15 10 83 4 68 14 15 3 25 24 101 10
29 9 43 4 127 24 74 8 2 4 165 16
