56 15 7 13 68 12 23 7 15 26 193 5
18 9 24 12 148 29 39 1 35 16 383 97
19 14 50 20 62 16 24 3 16 8 251 29
32 12 41 9 192 47 20 7 33 16 172 15
30 9 20 14 147 32 23 17 20 5 168 23
19 22 13 13 306 29 82 8 13 25 99 4
52 1 39 1 199 42 33 5 62 3 244 20
65 11 15 14 104 27 32 10 31 24 263 15
16 8 53 21 168 30 20 5 10 8 290 18
30 7 4 17 204 22 38 8 25 15 315 39
70 7 8 7 267 10 26 16 48 8 155 41
21 9 12 13 207 15 25 3 16 4 54 4
25 18 6 20 79 15 15 2 26 2 177 43
44 1 2 2 48 13 62 12 11 10 104 19
35 5 25 8 222 37 79 2 3 5 264 11
17 7 17 26 157 21 58 6 5 15 374 12
23 13 8 5 175 27 65 2 5 22 220 19
19 3 55 16 215 6 30 14 31 21 327 107
49 4 14 20 343 70 40 3 47 2 267 1
57 16 20 5 80 16 69 2 30 4 53 12
47 2 4 22 142 5 77 1 14 1 302 50
48 20 50 16 107 12 51 6 23 5 176 40
20 13 24 9 76 7 68 7 11 14 87 24
66 1 7 1 212 22 61 6 3 16 105 28
43 1 18 0 232 39 28 1 5 1 279 24
18 17 12 19 211 56 53 5 3 14 277 13
39 1 2 2 371 72 83 4 3 5 323 38
21 2 33 26 222 70 37 2 46 2 338 107
23 4 22 24 256 56 15 17 22 8 290 78
22 13 26 7 300 79 48 1 31 1 175 38
33 10 41 11 222 62 19 21 40 16 137 37
21 5 17 9 382 126 43 5 25 20 43 10
79 5 11 3 18 2 27 8 4 10 345 89
33 15 56 14 327 50 77 8 12 6 169 47
47 3 26 2 348 82 31 1 13 1 323 94
40 3 14 20 87 12 19 12 26 12 70 14
24 7 66 9 118 4 47 5 42 8 363 25
15 7 24 14 68 18 57 1 18 7 335 103
90 14 3 12 357 91 25 5 8 12 348 99
