25 3 9 11 164 53 38 3 21 7 142 24
31 17 17 20 261 5 33 18 60 8 105 23
42 9 57 23 275 17 36 1 12 1 79 22
38 1 12 1 368 19 22 16 65 20 27 6
25 1 17 1 176 8 74 7 24 19 359 39
26 4 57 3 201 41 28 2 53 20 154 26
30 2 14 8 347 82 62 7 15 5 151 32
27 7 50 22 59 6 27 4 15 21 58 4
28 4 4 4 77 22 70 10 22 11 385 8
51 6 5 8 222 65 61 1 18 19 119 14
70 2 14 16 160 32 46 10 32 18 19 5
16 13 40 12 369 29 20 2 11 16 233 24
48 4 14 3 170 11 28 6 58 26 311 73
50 2 24 9 239 6 33 2 51 3 103 15
30 17 15 13 52 2 61 1 22 23 62 18
25 1 14 2 181 53 25 1 60 11 95 9
19 9 64 23 369 71 53 9 30 4 143 15
18 14 51 19 347 18 76 1 20 6 202 23
20 3 11 2 15 2 70 20 17 13 360 48
81 6 9 18 135 16 39 4 31 5 76 6
45 15 11 14 242 6 18 1 16 19 356 65
31 4 4 13 330 38 22 5 29 6 361 102
60 11 11 11 23 2 19 12 38 21 284 36
71 1 5 2 234 70 44 1 20 24 235 28
52 5 25 4 47 12 27 3 13 21 171 28
25 12 67 14 285 43 65 3 29 7 372 76
62 2 27 15 126 12 51 2 5 5 46 8
93 1 4 0 114 19 17 11 27 11 88 9
56 2 13 12 179 41 33 1 9 19 147 28
67 2 31 4 117 31 85 2 6 2 269 26
52 5 15 26 351 28 38 7 11 15 233 8
18 4 21 25 184 40 41 8 50 6 167 18
58 16 21 5 206 66 54 16 12 19 81 8
21 3 64 5 123 9 81 5 9 7 321 45
51 3 12 17 190 15 42 3 12 7 385 34
53 2 19 2 327 4 58 1 3 1 18 2
39 1 21 19 235 2 24 5 13 10 101 18
34 3 2 11 250 74 22 4 64 13 225 37
38 1 57 2 256 49 18 1 12 15 83 17
22 12 19 7 84 18 37 19 6 8 59 9
