35 3 10 5 200 54 67 5 20 23 220 37
31 7 30 10 306 2 25 5 15 4 106 28
91 1 7 0 208 58 40 25 46 7 143 27
16 6 81 14 82 2 81 8 16 11 54 8
40 1 31 0 153 41 35 3 8 6 99 7
65 17 20 12 136 12 69 25 4 10 152 23
47 4 33 17 356 51 17 1 16 20 196 46
15 4 48 4 49 2 76 3 17 6 110 15
43 7 44 3 170 4 16 2 52 9 35 8
22 5 32 14 67 17 25 1 16 2 248 73
59 4 2 5 167 48 36 14 13 23 257 32
91 5 3 16 255 41 27 14 48 7 216 13
31 5 25 14 179 10 45 3 35 7 304 52
27 7 4 13 117 9 17 4 25 3 350 109
22 1 19 4 185 32 33 11 15 23 312 26
57 2 2 4 146 16 59 8 15 18 251 51
30 18 48 17 353 9 20 5 34 4 181 22
61 8 4 7 81 12 62 1 23 17 189 2
20 4 52 3 345 74 33 13 42 12 183 30
35 7 6 25 62 10 26 5 12 12 76 14
17 14 15 19 178 40 44 8 41 12 227 53
38 4 39 21 211 38 34 7 36 5 241 67
48 9 18 13 221 68 17 6 22 11 216 40
18 4 74 3 304 23 21 6 73 5 220 70
36 5 8 13 137 34 19 22 56 11 246 35
15 11 29 4 272 83 38 2 51 2 377 87
19 6 57 13 270 61 17 3 13 10 54 14
44 4 4 11 211 35 31 3 65 4 80 14
16 8 49 17 351 22 72 5 8 18 31 5
38 1 11 1 136 18 40 12 22 13 205 64
39 3 25 13 269 40 67 9 4 12 296 24
35 2 20 3 192 8 22 2 48 2 275 90
64 2 2 26 186 8 45 1 51 1 26 7
27 5 72 15 378 115 43 11 17 10 199 21
35 10 37 4 55 8 19 24 31 12 217 28
47 9 22 10 295 67 17 21 42 9 79 8
52 15 40 8 20 5 19 9 34 6 223 52
34 1 10 1 117 22 80 5 12 7 304 62
