22 6 25 23 365 66 61 5 6 4 285 68
83 6 12 18 251 18 63 5 32 3 344 18
47 1 22 2 102 12 29 11 5 8 68 19
48 16 48 13 141 27 26 5 68 14 170 3
21 5 66 14 329 49 20 1 79 0 268 77
58 7 34 22 109 4 41 1 5 2 287 86
35 6 20 16 67 21 62 11 30 4 372 68
40 1 40 1 226 15 33 1 5 9 42 7
49 6 8 5 332 61 26 12 19 12 227 52
49 20 41 16 225 45 29 2 18 5 213 11
31 2 27 7 275 46 28 11 39 20 255 76
55 2 22 18 84 13 70 4 24 5 179 49
43 10 52 16 131 39 31 1 8 4 260 58
28 7 16 3 334 40 68 18 14 14 302 48
15 6 38 6 279 73 16 5 23 16 324 93
29 1 50 22 95 16 16 12 46 24 97 4
42 15 5 14 376 92 19 6 16 5 124 11
71 1 17 7 215 40 24 1 18 7 62 14
20 3 45 21 107 27 48 3 40 2 261 50
17 2 23 13 110 9 27 4 19 6 142 18
62 13 36 12 261 18 19 2 27 14 230 49
51 6 28 21 79 15 31 2 68 3 364 27
18 10 48 21 10 1 73 13 14 15 325 90
75 5 17 7 242 55 47 2 13 3 92 21
48 7 24 5 37 4 43 1 32 0 296 55
27 6 50 12 55 7 15 1 25 1 339 72
82 22 3 13 252 37 33 14 37 12 278 2
43 12 3 24 73 8 42 6 17 12 259 28
48 5 9 12 79 8 17 2 23 2 130 18
28 3 62 11 81 7 73 2 18 4 329 11
19 1 46 21 214 5 27 16 26 5 17 4
52 2 7 5 120 37 30 2 9 13 32 7
27 1 10 1 337 6 45 7 24 9 27 8
19 6 40 3 301 16 23 13 14 9 188 55
48 8 11 12 325 71 30 2 4 5 332 12
48 11 29 23 103 7 62 2 4 10 105 11
26 12 10 13 304 28 17 12 15 13 50 15
19 2 49 10 372 5 17 7 62 19 203 43
