54 6 29 14 224 42 61 12 27 12 299 56
41 7 28 5 375 33 61 6 15 21 41 10
18 1 32 5 153 2 62 3 20 5 49 14
71 13 4 23 80 10 29 19 18 12 208 50
59 3 7 4 27 3 20 4 27 8 160 17
34 14 44 16 248 68 87 4 6 17 82 10
29 4 12 26 168 6 60 9 12 4 278 60
59 1 14 0 183 6 22 2 34 2 274 90
34 17 8 19 235 67 80 7 5 13 299 1
38 1 57 1 344 102 28 1 6 0 386 54
24 5 9 9 376 66 61 1 6 17 233 74
75 4 6 13 74 6 27 14 8 9 32 4
63 8 13 21 150 24 16 4 19 6 98 29
15 5 49 6 13 3 47 10 24 19 145 34
50 3 42 15 47 14 32 1 54 19 209 1
21 10 9 14 238 42 50 6 46 15 301 65
16 4 42 18 308 88 48 3 42 7 58 5
49 1 8 22 315 29 78 3 17 25 180 55
20 8 47 24 71 10 41 24 5 7 68 5
23 4 24 8 30 6 20 1 50 2 225 2
52 1 11 0 92 24 39 1 29 6 262 26
33 18 37 10 273 79 19 15 66 21 278 50
19 9 19 18 241 68 25 15 11 13 272 64
24 8 50 8 67 11 87 6 12 6 209 43
26 1 28 3 290 27 64 3 35 10 349 34
32 16 4 20 371 18 48 2 27 2 131 27
79 12 2 14 266 14 39 1 2 1 256 68
38 19 9 16 297 53 47 9 9 10 292 46
89 4 8 11 13 1 36 5 56 8 148 13
31 12 22 14 193 61 70 2 5 3 156 50
37 1 47 2 173 18 18 11 16 10 363 11
22 1 9 4 136 38 38 2 7 2 356 33
44 4 3 4 212 11 23 4 8 23 57 9
29 15 6 9 187 27 17 20 39 11 139 22
29 10 49 17 385 31 39 2 8 5 373 59
20 4 17 9 366 66 84 8 5 20 367 72
49 3 8 2 329 68 40 19 11 12 140 17
27 10 32 9 210 37 23 1 40 5 293 77
28 9 21 9 217 29 23 1 29 0 330 81
