51 13 2 13 218 63 22 4 64 8 175 5
33 9 19 4 79 6 48 15 31 21 146 47
50 11 46 19 353 40 34 2 19 2 29 4
34 18 8 10 235 31 27 1 61 5 159 3
29 4 24 24 380 103 62 10 19 24 146 20
17 15 13 14 409 11 16 1 81 1 167 47
47 5 2 3 30 6 37 17 55 15 379 40
52 5 14 10 317 89 29 3 54 8 296 90
52 10 2 4 332 44 26 2 5 2 70 1
34 5 40 7 333 59 46 1 39 11 335 23
28 5 38 3 199 19 45 1 25 0 80 8
28 1 55 0 239 49 38 8 11 10 180 6
15 3 41 23 378 19 32 17 14 10 231 39
33 1 21 4 396 128 25 1 73 1 279 29
59 13 12 12 22 1 49 14 29 16 348 53
77 2 7 9 119 21 28 2 14 6 277 69
25 6 19 5 365 40 42 3 37 19 238 29
35 4 11 24 238 48 35 10 61 8 321 33
27 4 15 20 177 27 57 15 33 16 128 16
21 5 14 17 407 12 18 6 16 5 121 32
29 4 4 3 332 14 33 2 22 9 285 56
74 4 7 13 376 10 18 1 12 4 321 88
20 5 70 3 122 34 40 14 54 9 67 8
36 3 27 2 359 105 81 10 13 17 86 19
19 5 28 23 38 3 27 12 14 18 131 25
39 11 50 11 29 4 26 2 27 5 289 2
56 7 25 9 84 3 35 6 7 15 113 22
37 1 16 2 64 2 16 10 30 8 261 77
84 1 8 6 156 16 39 22 10 11 31 1
70 1 18 0 183 30 64 5 24 23 211 43
47 6 2 15 118 27 64 6 10 6 364 50
19 6 44 16 373 76 71 10 2 17 287 7
15 8 49 10 83 16 18 11 29 24 72 21
45 6 5 3 344 107 28 4 56 22 300 68
28 13 20 15 50 2 30 16 24 19 286 88
29 13 47 21 263 5 62 19 32 6 281 2
24 5 47 20 338 45 56 13 36 5 133 33
18 8 24 16 280 42 29 20 18 15 317 86
59 13 3 16 321 12 20 16 33 5 63 18
45 3 22 4 328 16 37 4 42 10 351 104
39 2 12 3 336 22 35 13 18 5 400 100
