33 14 7 9 376 77 40 3 21 2 170 36
57 2 22 2 35 10 15 12 16 19 335 84
21 1 10 0 159 39 23 16 16 5 87 23
28 6 25 19 150 16 36 1 23 13 349 33
54 4 2 18 24 5 84 6 4 22 65 16
33 9 45 25 290 49 26 6 4 5 298 83
58 5 12 4 134 7 29 4 62 5 242 44
24 2 43 4 168 5 75 15 2 20 183 41
43 10 12 19 214 13 59 7 19 7 38 6
88 11 11 11 307 52 64 3 25 11 54 4
35 4 5 3 156 14 35 2 20 6 70 8
60 1 14 21 103 24 33 12 33 18 345 34
30 22 3 6 236 17 31 4 4 15 123 33
85 14 8 9 208 34 31 6 25 8 45 10
64 3 26 4 137 7 33 4 23 11 44 1
20 7 11 19 57 12 54 1 3 0 299 66
54 2 31 13 303 94 63 2 18 7 22 6
21 10 22 11 254 82 51 13 28 9 348 8
22 13 18 20 374 38 41 1 15 7 309 41
39 2 22 10 235 35 46 6 22 3 96 14
41 5 42 6 393 24 25 11 17 22 397 109
23 12 63 14 183 41 21 8 9 12 124 3
46 4 17 19 72 2 20 2 26 14 141 15
20 22 32 9 312 78 45 15 52 11 78 20
24 19 10 17 226 14 16 9 47 4 240 64
30 10 5 17 203 1 93 11 2 14 360 13
55 3 39 11 140 29 28 1 32 5 352 101
34 13 63 5 38 4 76 7 17 21 230 73
24 6 42 22 294 11 19 9 12 20 101 31
18 1 39 1 156 11 28 5 19 7 206 28
28 16 11 16 148 12 17 4 18 14 150 3
30 1 31 2 228 29 54 11 15 6 172 27
21 19 34 14 307 97 47 13 10 9 118 20
17 10 39 9 295 90 19 4 52 5 370 81
19 1 14 15 135 25 18 11 13 15 386 62
51 1 15 12 378 72 30 2 2 23 328 15
20 13 21 9 387 112 59 17 27 10 217 24
17 3 71 17 240 56 39 14 17 7 49 11
36 11 7 20 393 69 24 5 19 17 12 1
16 4 40 8 49 5 63 1 17 21 240 37
