46 2 40 7 173 5 32 18 3 8 32 3
56 4 23 8 77 1 31 13 3 23 73 7
40 15 41 17 21 6 38 1 53 0 127 21
23 1 28 0 53 2 34 1 41 1 221 58
24 2 11 2 254 45 34 8 6 17 95 28
36 19 27 6 99 17 44 2 7 5 243 67
52 2 41 6 73 21 20 6 14 3 279 91
22 3 14 23 269 79 52 6 28 3 54 7
29 2 8 9 61 7 47 7 12 3 86 24
26 4 31 15 224 62 18 11 18 15 162 14
66 1 25 1 320 42 32 5 4 4 248 10
43 2 38 2 70 12 30 6 14 14 98 18
23 5 12 4 362 12 27 2 7 12 235 17
37 2 43 3 138 10 53 6 36 9 137 30
26 23 9 12 86 5 21 10 38 4 13 1
38 5 2 10 356 76 34 1 35 2 361 78
48 4 45 10 219 47 33 10 38 18 80 4
57 12 22 20 155 17 34 15 8 5 112 11
18 5 34 9 16 2 21 1 59 2 376 31
50 6 30 5 172 6 16 2 35 8 297 52
71 11 7 12 239 18 74 4 23 13 14 3
31 2 15 7 170 7 67 8 10 10 212 51
42 10 35 21 250 56 35 2 21 2 66 15
82 20 4 18 318 65 29 5 54 3 270 5
38 20 3 16 99 10 22 2 40 21 294 23
34 5 5 12 179 25 80 4 2 19 175 25
69 13 25 7 98 19 51 2 7 13 375 88
84 5 7 15 149 45 25 8 44 25 382 101
56 1 26 4 241 55 19 4 28 13 84 11
51 8 6 4 325 72 27 1 15 1 397 40
65 3 8 10 11 1 29 1 4 5 145 39
25 1 17 1 48 3 24 5 18 22 156 43
16 1 68 1 161 45 38 15 30 8 92 14
32 7 2 12 138 32 22 4 61 5 390 46
31 1 36 5 379 72 61 5 31 8 140 23
43 2 20 19 328 35 41 1 47 1 368 1
21 12 63 16 345 61 40 20 3 15 141 14
38 1 33 0 350 2 50 1 18 5 324 98
37 3 40 18 282 65 28 22 70 15 135 22
38 5 57 4 254 26 32 19 11 19 387 56
