69 46 79 71
65 47 43 89
43 51 56 58
52 78 85 68
63 55 51 64
55 100 21 29
36 37 48 97
52 59 71 83
15 78 49 23
51 91 70 66
64 69 66 69
44 61 72 87
73 38 58 46
50 48 49 59
71 83 27 40
24 17 41 21
68 49 61 54
70 33 46 82
56 56 45 49
76 70 65 64
71 23 44 39
21 44 83 93
84 64 99 63
58 46 91 52
47 52 60 33
76 93 89 91
56 39 59 54
64 96 35 46
47 66 48 84
77 21 45 57
81 26 67 80
47 53 47 26
63 59 49 71
74 99 58 94
93 61 37 96
69 75 64 96
57 59 64 55
89 68 57 92
71 65 75 91
52 51 18 36
54 54 56 53
31 45 33 79
