23 4 8 24 391 65 17 14 23 5 124 15
37 18 28 20 118 8 24 5 67 17 132 8
46 1 4 12 348 52 26 12 50 9 291 28
48 7 2 9 367 52 38 16 19 13 392 110
16 3 26 24 89 5 51 2 34 16 41 8
53 6 34 6 96 31 27 4 9 9 296 47
22 4 17 16 50 2 28 12 2 7 403 50
16 6 28 5 87 27 32 2 9 8 347 111
66 4 9 8 299 26 41 6 7 14 146 21
76 11 15 21 292 60 24 11 13 11 200 30
24 3 66 2 284 32 53 1 45 2 254 11
24 10 63 6 86 1 19 12 40 12 333 4
32 16 2 21 124 40 20 9 54 7 111 1
16 4 47 18 273 9 31 2 45 6 266 23
84 11 6 10 194 35 15 9 72 4 67 14
15 4 28 8 192 23 34 2 9 5 208 3
28 1 10 1 213 23 61 16 29 8 132 27
76 10 23 4 42 13 29 20 30 6 40 6
24 17 14 5 164 48 15 6 71 14 275 3
74 4 11 15 251 43 20 7 46 14 158 6
38 3 38 20 109 30 87 7 8 17 140 8
33 1 62 13 165 4 49 19 11 14 270 44
18 15 12 9 173 45 36 2 2 8 109 21
67 6 16 13 135 28 17 7 28 10 291 93
41 6 22 3 377 112 74 2 4 3 359 58
67 17 11 5 399 70 49 10 2 14 270 10
38 19 2 6 185 1 19 1 56 0 201 8
29 18 24 8 108 8 59 1 6 5 160 16
55 13 13 17 256 68 34 21 8 15 216 1
39 18 18 10 154 11 19 1 75 16 317 17
72 6 8 15 245 15 34 2 40 3 187 6
17 3 37 11 190 22 38 1 18 9 14 2
47 7 34 5 374 104 47 5 5 4 273 35
15 10 16 17 402 1 37 7 46 9 326 25
83 1 7 1 227 37 56 13 4 18 22 6
50 2 43 14 86 6 48 1 20 7 61 14
30 2 48 2 165 18 43 5 28 13 249 42
66 12 4 14 358 59 46 17 42 18 394 19
35 1 19 17 38 1 44 12 47 23 388 49
45 10 6 9 30 4 24 2 43 25 226 23
71 25 6 7 174 16 17 17 69 15 259 54
