16 1 27 6 303 39 25 7 61 3 64 6
53 7 21 10 179 37 64 7 13 5 106 5
55 9 33 4 287 24 64 3 20 10 176 16
47 18 8 10 317 77 17 1 80 1 243 69
37 9 4 4 169 5 84 12 7 10 94 22
22 3 32 7 344 78 22 7 45 12 275 34
19 1 53 3 72 4 55 3 8 2 167 37
88 11 5 11 279 50 62 17 21 10 176 42
31 1 35 7 150 49 62 5 32 12 35 7
15 3 65 8 401 1 35 1 14 25 125 10
40 23 5 6 64 1 31 4 15 9 260 19
24 3 21 7 338 89 35 4 38 22 373 76
65 17 11 16 70 1 29 1 64 15 183 25
27 8 25 4 170 20 26 1 33 0 151 31
28 4 19 23 414 114 23 4 21 3 113 2
40 1 48 5 317 15 69 8 8 25 100 12
68 4 3 16 58 13 24 8 55 18 280 59
24 1 14 6 160 51 24 1 75 1 300 93
40 2 7 6 372 45 33 1 9 0 389 60
40 23 21 14 225 60 72 14 17 5 99 23
53 6 37 10 416 129 57 7 27 25 19 2
30 1 43 1 34 3 15 3 36 9 114 2
24 2 42 4 280 30 20 7 54 9 269 45
56 4 7 6 291 68 72 6 12 3 95 6
50 14 22 12 326 83 52 1 12 1 352 53
34 12 8 24 274 6 35 12 55 13 265 38
50 8 20 4 400 91 49 8 2 6 279 21
18 3 17 2 259 65 59 3 38 5 295 52
71 2 6 21 97 30 61 1 6 3 72 12
21 7 20 16 130 31 17 3 13 22 176 20
31 12 35 16 206 32 50 5 2 23 13 2
83 12 12 13 332 19 43 2 15 2 113 25
36 3 27 10 191 58 28 14 54 18 247 11
42 16 30 8 299 47 16 2 48 16 340 23
27 17 19 15 107 10 50 10 23 11 326 67
30 2 25 2 330 4 26 8 30 7 312 92
26 1 25 1 67 13 34 1 43 4 210 20
30 1 2 4 333 60 56 11 2 11 183 48
90 2 8 3 316 38 19 4 49 5 345 65
27 14 26 20 28 8 34 1 17 1 402 14
51 1 17 9 49 7 25 3 13 5 237 46
26 19 20 14 330 38 31 2 16 26 348 13
