23 3 17 15 297 85 53 15 29 8 94 14
21 8 68 4 352 40 54 8 6 6 365 18
17 13 26 9 286 68 38 11 39 8 163 27
80 17 18 13 21 5 23 1 55 4 26 2
87 15 6 18 352 107 52 11 24 15 111 30
53 4 27 15 154 14 32 1 10 1 112 25
39 1 12 23 288 8 39 11 18 6 315 87
31 1 28 0 267 87 35 4 11 14 172 20
29 18 4 6 46 5 18 12 17 17 333 15
26 17 11 15 103 4 19 5 46 26 340 25
55 16 29 15 144 21 30 2 4 14 274 3
61 1 33 3 33 3 16 8 49 4 207 62
82 19 12 8 360 116 55 21 14 9 27 6
47 3 15 2 348 44 17 12 23 12 160 11
15 11 26 4 233 29 15 1 67 7 16 1
27 16 15 20 344 79 19 1 56 26 394 100
64 11 16 19 154 15 55 3 2 2 23 1
26 1 35 0 309 73 27 8 19 10 362 104
31 17 34 10 277 57 18 2 46 4 50 14
25 1 38 8 223 68 78 1 17 3 274 66
87 15 9 20 191 12 45 20 33 13 316 51
25 11 10 15 277 33 95 6 4 6 288 65
35 4 40 4 156 10 39 7 28 8 176 29
39 1 10 10 166 39 42 11 49 10 264 27
37 1 24 21 343 6 34 7 63 24 92 17
39 18 8 8 67 20 19 10 25 24 263 80
18 3 17 7 69 2 15 6 34 16 95 24
20 2 32 6 128 32 16 8 20 25 142 4
33 6 3 21 134 13 22 1 8 2 109 13
42 5 50 3 27 1 72 1 10 0 68 14
37 21 16 13 329 8 38 2 15 4 301 46
28 10 7 18 115 1 47 14 9 19 52 3
24 13 12 10 139 12 15 1 35 9 34 1
55 4 32 5 48 11 57 4 6 19 188 11
56 9 9 9 357 10 33 6 9 16 309 1
30 3 34 26 185 42 37 11 62 8 67 10
17 2 58 16 286 73 22 3 30 13 388 107
22 3 18 7 89 18 28 15 2 20 387 15
60 1 3 10 87 7 28 4 9 21 86 16
42 5 14 14 262 36 32 9 3 23 130 3
