28 1 19 14 172 39 26 18 14 14 229 34
28 23 3 12 204 9 42 7 3 3 342 104
35 4 16 16 244 40 25 3 67 5 392 29
52 14 44 15 369 117 76 11 18 4 203 39
21 5 76 22 325 90 37 11 11 21 370 5
43 1 33 21 275 24 86 4 6 8 167 25
16 17 32 13 271 39 20 10 54 19 158 36
30 3 32 25 132 32 28 7 8 16 247 59
17 1 37 4 215 52 31 6 18 3 326 41
43 7 5 3 132 38 20 1 26 2 150 38
15 3 26 2 287 65 19 9 69 10 302 36
44 10 2 25 28 6 23 1 10 0 238 15
24 15 60 5 379 41 22 2 16 9 28 6
25 15 73 16 22 2 85 14 9 14 222 5
24 6 55 18 14 3 26 1 21 1 116 36
83 15 15 22 129 7 71 1 9 1 71 4
80 6 10 10 190 16 27 7 4 10 21 6
80 1 4 23 48 4 18 13 23 17 218 28
57 16 2 13 274 85 27 5 49 6 22 1
40 6 11 20 293 11 22 2 13 23 171 24
36 6 7 6 155 13 25 1 40 8 157 48
35 1 4 1 68 14 39 15 9 17 140 18
18 16 24 21 175 52 65 1 5 1 293 81
50 4 36 4 320 55 18 1 22 0 374 104
36 13 59 12 301 67 37 9 9 4 186 1
24 5 54 10 271 77 43 5 13 16 382 32
51 8 18 4 74 12 20 1 74 1 188 26
32 11 23 21 165 28 15 6 20 5 251 63
25 11 25 10 273 38 47 3 51 6 34 8
43 19 49 19 87 21 39 9 4 6 29 6
74 8 12 13 235 37 44 19 52 11 139 7
34 1 12 0 10 2 79 8 6 11 273 47
33 17 5 15 286 16 31 1 10 0 362 108
27 2 4 3 44 12 74 1 22 14 22 2
59 13 21 17 172 41 75 4 15 6 287 28
77 1 19 8 81 23 34 9 28 6 153 38
83 6 14 25 253 52 48 4 15 9 63 13
15 16 69 20 119 26 31 10 56 14 278 39
36 4 15 3 325 14 48 8 11 20 63 13
34 1 13 3 186 32 29 5 22 3 134 22
