16 4 35 17 126 36 68 8 3 10 257 69
37 6 29 24 18 4 17 17 47 20 233 21
62 18 19 15 337 44 23 8 18 4 305 12
44 1 19 0 309 18 79 5 14 19 101 14
22 11 23 12 149 41 48 4 33 10 310 49
48 22 15 15 345 81 23 3 64 2 200 19
25 4 43 13 274 53 27 3 6 19 320 27
71 1 2 1 345 9 18 3 49 7 84 18
39 14 16 5 255 83 75 6 14 8 315 11
22 2 13 3 16 3 21 10 39 25 97 29
51 1 25 1 166 16 78 4 8 4 325 57
47 6 2 13 23 4 24 3 15 7 80 17
20 6 32 11 309 86 24 4 22 5 198 31
80 1 10 0 333 76 19 11 43 12 293 55
38 5 14 20 207 56 15 6 15 24 221 64
16 5 21 15 195 63 23 10 53 22 105 34
63 1 30 0 260 78 58 18 8 6 101 20
21 9 38 17 139 3 68 4 4 20 134 24
58 14 26 15 49 10 37 21 17 6 50 3
73 3 20 8 249 4 36 4 7 11 53 13
65 17 12 5 66 5 31 5 18 7 131 19
24 12 27 24 388 78 20 2 44 6 57 4
35 2 35 4 53 15 81 10 11 4 138 11
38 13 22 9 312 96 29 5 8 10 220 36
37 2 20 3 372 49 38 15 11 14 122 27
26 2 15 11 252 73 51 1 17 1 383 118
21 3 29 8 175 25 47 7 10 19 343 55
37 6 28 24 366 39 31 1 10 3 63 2
47 18 52 8 204 38 22 4 9 3 300 29
54 3 37 9 218 68 18 3 25 26 360 78
33 2 24 3 115 15 29 3 17 2 241 54
29 7 36 19 44 2 16 5 18 18 328 80
37 2 48 8 163 48 45 5 45 3 299 11
21 3 23 7 245 23 43 12 19 18 234 61
16 13 33 17 352 8 81 7 14 7 162 47
35 1 12 1 297 27 28 1 31 7 81 4
25 6 32 12 166 33 60 1 4 16 108 19
28 14 6 7 249 14 18 12 37 19 193 30
33 1 12 5 74 14 25 6 5 26 326 60
