28 4 6 3 183 37 19 8 14 6 56 2
23 12 41 16 368 59 46 5 5 19 68 14
23 11 20 20 122 21 37 1 21 1 323 105
38 4 33 10 24 1 17 5 18 8 54 8
30 10 6 14 91 3 31 25 3 7 312 7
23 11 42 4 118 34 27 3 56 21 66 1
24 1 61 23 359 14 34 12 29 10 216 6
57 8 10 8 49 6 19 8 26 8 50 10
39 6 32 8 257 71 53 6 29 14 40 11
20 3 12 7 63 14 34 2 46 2 339 79
40 15 11 21 98 26 21 4 21 16 336 97
41 7 2 14 372 3 34 7 3 19 341 56
60 2 19 14 282 81 25 4 27 5 132 38
63 5 2 22 119 15 52 6 21 22 232 46
25 3 14 22 77 10 45 8 6 4 178 39
42 8 19 4 341 32 27 19 24 17 155 28
33 15 9 21 13 1 35 14 4 12 50 3
31 3 36 8 28 6 39 1 15 0 161 25
43 17 18 16 191 62 63 8 6 6 297 40
24 11 13 11 68 7 15 2 44 3 292 19
30 3 10 2 22 5 69 1 16 1 333 42
16 5 22 3 277 46 44 2 26 23 329 71
41 1 23 2 314 24 72 8 27 17 45 10
21 2 27 25 323 97 17 10 46 19 168 51
18 1 71 23 268 76 56 6 2 8 192 6
64 2 26 3 242 41 26 6 10 19 128 24
44 12 17 17 239 20 32 9 15 13 61 5
39 9 11 4 374 102 21 1 15 1 43 5
48 7 20 17 120 11 22 5 50 18 26 4
56 16 22 5 356 3 28 10 33 17 306 24
36 8 14 6 325 70 58 4 26 4 190 23
60 3 19 4 379 18 29 6 10 15 40 11
42 7 31 21 92 23 17 1 27 15 52 15
48 2 22 8 272 1 36 22 3 9 353 99
22 1 40 3 370 90 51 3 36 2 15 1
25 4 30 10 216 16 47 9 49 4 308 16
22 1 8 10 254 35 16 3 16 2 202 23
32 6 32 3 36 2 21 1 50 4 57 11
