33 5 11 22 202 32 35 10 12 14 99 18
41 13 33 12 419 91 75 1 24 4 385 4
33 4 58 19 108 31 23 4 39 4 339 46
34 5 37 3 249 78 17 2 43 2 300 50
58 8 19 8 272 26 28 18 49 8 209 31
38 9 61 18 101 9 75 12 2 12 339 82
28 6 48 18 232 20 25 2 5 2 251 40
54 1 34 1 160 49 81 1 2 4 153 7
94 8 2 24 307 100 61 11 6 8 393 84
50 5 3 18 99 26 43 4 3 15 131 7
54 19 15 16 349 24 15 3 22 4 93 19
61 6 27 3 136 34 17 1 17 2 114 34
40 5 9 4 93 1 21 3 24 2 330 88
16 1 62 10 111 34 16 2 17 7 168 8
30 1 61 1 84 24 20 7 31 21 269 31
31 4 2 4 376 53 53 7 15 9 169 40
35 7 41 13 133 43 41 10 6 13 308 98
69 5 15 7 246 46 33 9 57 7 74 7
39 18 36 12 48 9 26 4 54 5 175 42
63 6 36 12 314 70 26 17 12 19 360 76
69 13 15 15 56 17 80 3 14 20 57 6
50 14 29 11 71 14 48 5 18 8 346 56
71 1 21 1 342 51 24 1 9 3 31 5
23 2 45 13 346 23 63 1 4 0 97 23
63 7 20 3 121 27 29 6 14 3 411 95
32 13 24 5 212 48 81 3 2 26 292 46
22 4 21 4 53 11 22 2 73 2 368 95
42 5 35 4 277 71 38 21 33 13 415 79
33 2 52 19 153 8 15 3 72 11 323 5
30 2 8 15 79 12 82 12 13 20 388 104
16 1 65 5 67 13 33 7 5 8 49 8
20 18 17 12 213 10 17 6 17 11 276 1
46 2 52 23 345 36 30 16 3 20 287 82
30 11 39 11 224 15 23 1 51 1 330 21
15 1 23 6 41 8 20 6 52 11 381 101
47 2 22 11 131 10 25 11 52 15 353 23
41 1 3 2 338 49 19 4 60 10 58 7
21 6 23 21 109 11 31 9 22 6 393 49
36 3 35 13 103 33 50 1 5 8 176 26
31 3 28 6 275 82 19 18 62 14 338 107
37 5 20 10 274 32 26 3 33 24 329 21
34 2 60 4 184 6 35 8 63 7 222 48
