17 8 14 15 77 1 93 1 2 14 149 16
45 13 6 15 161 20 35 5 61 7 283 70
27 19 15 6 185 42 61 1 34 3 194 33
22 1 13 12 366 25 70 1 14 19 135 30
24 19 14 11 316 8 20 4 46 9 27 6
37 5 47 19 157 40 29 3 13 12 164 30
23 1 46 0 110 35 32 4 39 10 192 28
40 1 7 6 244 80 39 3 5 16 321 40
39 17 51 12 375 102 49 10 11 11 92 2
48 3 4 13 127 11 58 23 27 6 248 72
70 8 13 16 363 7 20 6 70 11 19 1
52 18 36 20 409 36 24 5 14 7 20 4
17 3 24 7 348 70 81 12 4 19 68 15
42 1 36 0 182 14 86 15 8 18 142 21
38 2 47 6 304 37 70 20 3 6 404 3
46 1 28 2 42 1 41 2 44 4 292 93
63 18 18 6 123 22 40 1 35 2 291 39
55 1 13 1 14 2 20 8 28 10 232 23
45 9 37 23 242 52 20 4 18 8 347 104
15 19 31 12 265 29 26 10 4 20 386 96
25 9 35 6 181 9 32 1 34 1 301 61
27 2 11 2 54 3 28 7 6 15 103 26
59 5 30 18 305 63 17 13 38 9 181 13
29 2 4 3 212 20 32 1 57 2 86 9
32 15 54 8 23 5 26 1 11 3 275 81
27 9 35 9 52 4 18 3 55 17 205 15
26 9 16 10 292 81 47 1 43 2 194 16
27 3 55 12 187 5 54 20 9 18 353 29
36 1 45 3 149 12 63 1 5 1 343 35
57 14 36 15 338 1 55 12 25 5 261 26
66 20 27 11 31 4 28 1 61 10 266 50
15 1 24 0 269 64 40 11 19 10 300 99
32 3 9 19 289 61 39 1 2 1 87 15
35 6 7 22 298 7 44 6 40 11 323 54
23 2 14 11 92 3 70 2 2 5 303 52
17 4 76 3 108 9 78 1 6 1 238 20
40 2 33 4 349 32 16 15 83 20 297 84
72 4 18 3 94 22 22 2 13 23 28 3
81 6 5 12 219 15 32 3 28 14 162 32
18 11 31 12 259 83 40 21 10 6 243 34
20 15 20 17 151 27 57 1 30 1 10 2
