60 9 36 4 237 38 31 14 28 23 383 1
74 16 3 17 157 16 53 1 45 5 270 40
32 1 31 5 203 45 30 12 17 18 175 23
15 12 35 16 228 69 32 11 28 14 377 38
27 11 6 6 272 21 15 21 75 16 324 32
34 4 55 5 306 63 89 4 3 9 87 20
73 5 15 10 135 10 17 1 71 21 199 32
35 16 43 13 83 21 53 1 39 25 51 1
33 11 5 6 16 3 25 1 46 4 154 6
24 8 43 20 175 23 52 23 14 9 327 27
49 24 16 7 73 5 17 6 24 11 104 13
25 2 9 9 212 10 25 4 42 24 306 31
35 13 31 21 173 22 61 9 3 18 299 29
17 6 22 8 351 16 26 22 62 11 283 85
39 15 17 9 49 11 28 2 53 19 40 4
36 2 22 3 23 2 55 8 8 4 306 29
47 10 32 22 356 64 72 3 9 26 99 13
95 10 3 17 153 31 36 5 15 8 74 17
36 4 2 18 224 17 48 1 46 0 15 2
30 16 57 21 204 57 30 5 35 21 245 11
27 6 34 22 329 74 20 4 16 11 359 45
26 4 4 3 316 34 20 7 59 7 259 68
18 2 12 12 24 5 32 14 26 23 150 19
25 1 32 6 211 45 36 2 49 2 34 1
56 3 6 4 122 13 24 7 47 9 317 55
73 2 18 21 273 6 36 11 39 24 136 23
48 1 10 0 137 1 40 17 55 15 133 27
15 1 74 1 342 21 34 1 48 7 115 3
49 1 43 12 39 12 24 22 42 9 295 2
20 3 63 2 273 43 30 3 3 7 193 18
39 1 19 14 329 43 60 2 16 7 304 2
19 3 19 4 385 49 48 4 11 5 326 98
27 3 6 14 68 13 59 3 6 5 102 6
64 2 15 4 147 23 71 25 11 7 98 1
61 16 28 16 365 40 37 16 28 21 63 17
23 8 38 20 66 19 69 5 24 3 45 12
19 7 59 7 98 8 31 7 2 14 60 16
42 2 20 14 86 7 27 11 20 11 67 9
51 1 19 9 20 1 21 2 30 4 286 5
