18 15 47 17 206 6 36 18 6 12 311 101
35 19 42 11 347 3 81 14 5 14 222 59
54 4 11 3 331 55 64 21 7 6 156 29
21 8 11 7 354 102 52 11 45 22 301 10
37 2 35 9 53 11 31 4 11 10 215 42
21 16 56 21 308 38 51 18 18 20 61 8
28 8 4 17 122 17 21 6 10 8 201 61
60 1 9 1 271 31 35 1 20 3 391 22
48 11 34 6 110 22 21 2 11 21 380 115
24 19 55 19 14 2 37 7 3 3 308 40
21 21 10 16 275 58 21 1 20 1 23 6
49 1 2 0 321 4 31 1 56 1 59 2
58 7 19 19 239 18 31 3 63 12 375 58
21 5 57 9 90 13 35 2 14 21 372 2
19 5 62 3 173 39 79 6 10 15 90 25
29 1 32 0 77 11 28 4 6 3 185 33
61 2 22 8 292 16 36 6 17 23 65 11
21 3 58 19 146 18 15 1 56 0 19 4
28 8 3 22 302 75 31 7 5 20 233 42
71 13 20 10 344 86 21 5 46 4 96 18
58 11 19 21 256 71 15 8 29 19 165 42
49 7 40 15 131 42 32 6 46 6 355 76
17 2 37 8 318 78 96 1 2 12 332 6
35 10 40 16 69 1 33 3 8 10 296 85
26 8 5 23 397 46 26 1 50 19 347 86
40 21 33 6 104 19 59 4 22 4 332 42
26 14 28 19 399 91 48 20 4 13 14 1
41 11 6 11 409 114 20 3 22 4 130 27
41 24 40 12 398 91 58 8 34 12 357 29
35 6 41 13 69 5 27 23 35 9 297 98
49 2 34 2 352 60 42 19 20 19 290 83
33 8 52 13 389 47 18 2 34 14 137 24
34 1 25 19 226 8 39 4 27 8 37 3
65 1 7 1 264 28 30 1 42 2 359 7
43 2 19 8 100 30 24 6 64 21 276 7
23 12 61 24 299 87 74 5 19 9 305 13
38 2 37 5 97 30 79 2 6 4 109 33
28 5 20 6 106 17 36 5 24 7 174 4
69 19 12 16 173 44 70 1 7 3 212 22
22 2 56 10 322 16 87 14 8 7 283 26
34 1 6 5 338 57 42 5 10 20 248 7
