30 1 53 5 240 19 43 1 11 6 29 3
20 2 28 12 388 35 31 8 65 18 350 91
48 15 2 14 279 8 37 6 11 13 103 1
30 1 24 6 150 40 73 13 3 15 334 4
20 5 69 12 273 66 70 1 5 3 299 20
17 16 15 17 68 3 61 3 32 22 169 34
28 6 46 18 155 7 27 12 50 18 89 19
35 3 31 11 22 3 27 7 52 3 378 35
44 22 2 11 124 11 29 6 6 6 51 14
53 9 19 21 198 3 30 24 32 10 213 35
31 6 3 19 271 77 18 11 19 4 66 6
78 19 14 16 78 16 28 10 36 8 30 1
52 4 17 12 331 42 29 6 9 19 156 6
36 1 19 11 316 37 36 8 17 17 92 15
29 20 21 9 84 27 19 1 33 8 302 46
25 2 49 2 20 1 33 1 6 8 250 63
34 18 16 10 347 4 82 1 11 3 381 119
24 13 18 20 82 7 25 1 33 0 328 107
15 5 78 9 209 38 28 15 25 5 72 23
59 1 20 1 302 72 63 1 6 0 241 71
30 4 37 8 56 10 16 2 61 4 98 28
47 12 10 14 36 7 62 5 4 4 77 18
50 2 18 5 107 12 42 7 11 8 128 26
15 1 71 2 373 7 16 2 26 2 11 1
21 1 28 0 371 62 57 18 21 15 217 45
34 1 13 5 332 94 40 1 38 8 18 1
46 3 52 13 221 57 83 5 14 4 211 22
70 4 9 11 199 56 37 23 2 14 17 4
24 17 34 8 187 30 21 2 26 8 35 2
20 1 18 24 88 25 52 7 13 5 24 5
65 1 18 10 312 52 63 13 6 13 368 20
36 17 25 13 373 59 29 2 17 5 327 98
16 9 40 9 175 27 17 8 29 8 164 20
16 24 23 7 253 41 19 1 51 2 197 9
47 5 37 7 289 10 29 1 68 11 229 39
18 10 42 4 278 88 17 6 14 22 147 34
45 1 19 22 26 5 52 1 38 10 361 7
37 6 12 23 338 47 32 1 31 7 222 27
27 18 12 6 333 101 30 6 9 14 197 52
