23 2 43 4 278 20 38 2 54 2 349 31
68 12 15 12 105 5 18 1 15 5 225 52
64 9 25 7 236 13 35 5 18 19 402 103
19 5 18 10 360 42 15 4 46 6 223 33
70 3 15 2 97 24 60 6 2 13 322 83
64 1 6 0 18 2 40 1 51 16 178 4
20 7 30 10 160 45 29 3 10 2 409 46
48 7 23 20 305 88 57 4 24 10 350 102
16 3 56 11 236 43 87 4 12 13 60 4
35 10 12 8 220 36 48 11 27 15 36 9
46 10 32 9 353 25 26 2 31 13 356 84
26 11 44 21 243 24 25 7 18 9 356 92
40 20 24 6 160 34 30 1 17 1 172 18
19 4 11 23 244 23 43 23 30 9 27 5
29 7 13 5 229 38 32 3 2 14 62 13
54 6 42 3 308 15 22 3 8 2 386 7
23 16 31 21 208 16 22 6 20 14 197 48
20 9 12 7 382 25 57 2 35 2 386 104
45 10 2 14 27 1 54 2 4 10 197 11
15 1 40 1 51 1 16 4 53 4 297 53
25 10 69 8 152 49 78 9 3 23 206 14
55 3 30 2 180 47 56 7 13 5 92 2
37 11 62 21 280 33 51 1 4 3 342 22
23 15 21 5 331 48 16 5 17 14 253 73
28 3 26 7 53 6 21 3 9 20 18 1
94 9 2 7 374 69 31 5 39 4 277 11
51 5 44 16 196 8 49 6 33 12 411 70
78 5 15 3 138 16 59 6 3 16 97 26
62 17 30 16 341 48 49 15 45 11 43 1
70 3 26 4 387 126 64 12 25 12 308 3
36 12 33 5 205 59 48 5 10 4 338 6
37 21 39 6 322 44 19 2 74 18 40 1
54 5 4 6 40 5 28 13 9 9 129 32
30 6 19 12 413 17 37 22 5 13 252 14
31 1 46 26 184 56 51 1 28 19 174 28
40 3 2 26 17 1 70 9 28 16 314 100
25 7 58 7 258 59 27 23 56 14 122 22
18 4 68 3 248 4 29 4 56 3 158 41
42 3 35 11 120 19 40 18 22 20 307 91
37 1 18 0 62 11 25 20 19 15 89 24
26 10 69 13 29 8 20 7 13 14 247 10
16 1 36 10 125 19 23 1 58 5 184 22
