27 9 6 13 22 4 83 5 8 3 52 5
68 5 3 26 219 26 36 13 45 23 109 8
35 1 55 1 58 16 30 25 13 7 305 13
38 2 50 3 260 39 24 8 8 21 206 3
59 13 9 23 169 48 38 2 61 10 189 21
19 15 11 9 51 1 55 11 44 4 112 5
15 1 60 0 124 21 36 11 22 4 92 1
73 5 3 19 340 13 75 2 8 7 69 4
36 17 7 16 139 39 20 5 20 4 99 18
61 4 31 10 151 9 80 12 16 9 193 38
59 1 7 20 388 87 49 18 35 6 275 43
67 12 29 7 332 7 41 9 32 18 26 2
26 10 9 19 191 39 43 5 8 4 368 99
16 12 24 9 295 1 27 16 17 20 237 24
29 20 33 16 240 64 31 2 44 7 250 70
28 1 2 8 273 27 39 20 4 18 159 35
22 16 14 19 334 71 37 5 54 14 282 20
59 7 30 9 299 36 70 1 2 5 252 74
57 2 24 17 160 7 31 4 56 8 186 51
25 12 17 13 314 64 43 1 46 0 343 110
49 4 28 5 210 15 23 3 14 9 257 63
32 22 37 9 193 41 48 2 13 24 293 47
26 2 22 8 73 11 36 4 43 13 160 26
36 21 27 13 221 53 28 2 59 12 267 24
22 6 46 24 169 3 15 7 16 25 85 1
45 3 6 4 365 23 67 1 10 0 326 68
33 2 41 2 142 27 20 10 23 8 70 18
83 1 7 1 53 3 17 16 42 19 384 117
87 1 5 2 154 24 47 3 50 15 240 45
24 8 9 12 91 9 57 5 14 7 277 43
39 4 5 10 69 3 56 15 12 20 188 16
28 18 2 20 36 7 27 7 46 8 360 7
57 16 31 21 290 50 62 11 31 4 124 18
29 1 49 0 173 10 21 1 26 7 125 11
32 2 7 3 356 69 84 6 9 8 188 9
32 3 2 9 143 14 71 4 28 4 46 10
26 1 4 0 113 6 66 24 33 7 196 59
52 1 28 5 160 2 73 4 5 26 64 13
38 20 53 11 39 12 16 1 71 1 283 86
