16 19 58 6 150 46 28 4 43 11 281 77
53 4 40 3 178 30 73 10 14 19 93 4
15 1 37 0 174 48 69 4 19 4 210 59
49 15 48 21 49 3 15 1 18 3 206 11
85 4 3 3 297 70 29 25 14 7 290 9
24 14 10 14 350 58 24 6 21 13 322 73
17 4 14 25 37 10 22 3 17 13 89 20
57 13 5 22 360 39 48 1 28 12 389 11
16 3 16 9 265 87 18 5 30 15 384 64
34 13 45 12 209 23 54 9 31 4 236 24
28 21 10 6 238 53 19 10 31 4 29 2
36 11 45 23 265 65 28 11 8 19 105 19
59 5 2 6 245 55 28 3 54 14 104 23
35 10 47 18 30 9 32 14 3 23 280 54
41 24 29 10 351 4 44 1 33 12 85 22
43 12 4 18 138 16 39 9 13 25 223 38
79 6 17 14 407 1 47 1 10 12 369 116
31 1 16 7 398 84 29 9 25 17 304 51
21 3 67 17 333 26 52 5 41 4 188 8
37 19 35 6 36 1 21 4 44 8 138 23
19 5 25 13 20 5 34 7 3 3 255 26
27 8 17 18 79 22 18 7 27 17 218 17
23 6 39 13 125 7 21 5 13 15 206 25
46 11 18 4 380 60 26 8 6 23 324 53
19 7 13 10 241 27 27 8 5 22 343 72
29 16 9 17 188 33 16 3 36 23 132 9
52 11 8 23 24 3 28 4 65 11 271 80
33 2 24 13 315 96 61 7 24 22 329 85
34 2 8 18 173 39 61 1 27 0 220 17
56 5 6 14 77 21 63 9 16 20 139 2
42 2 3 20 310 94 22 1 33 2 299 57
30 25 28 7 398 48 30 1 37 2 405 104
21 6 28 9 168 23 16 2 27 3 155 40
69 13 18 22 299 54 19 2 26 4 401 91
67 1 26 1 265 12 20 2 46 6 403 79
24 15 67 5 70 13 38 2 17 20 143 45
25 8 26 4 223 26 84 19 10 8 280 39
26 6 11 3 240 9 25 4 67 9 280 65
73 1 2 3 230 34 28 3 5 8 236 5
47 3 34 2 81 13 17 9 27 18 136 31
59 1 4 17 228 21 67 3 9 15 370 45
