28 7 15 13 161 49 29 22 67 11 115 33
20 9 36 15 202 11 27 1 20 5 196 18
22 2 12 6 260 58 47 3 8 2 322 11
24 19 69 16 97 4 34 1 10 1 259 79
20 11 24 17 193 47 57 1 30 6 195 50
84 1 14 11 23 3 31 18 30 17 303 11
47 18 13 18 358 33 80 1 3 0 179 56
53 2 5 11 117 34 43 1 41 1 101 6
45 6 8 18 137 8 66 8 7 19 173 22
17 15 19 8 67 4 23 18 64 8 279 17
56 16 18 17 286 9 28 21 3 15 76 13
20 6 44 10 339 111 16 16 16 16 234 76
47 10 22 25 246 75 35 1 20 12 285 60
50 14 28 18 247 11 59 4 27 17 43 13
25 1 37 8 311 88 20 9 36 14 232 38
69 1 3 1 173 40 40 8 19 22 286 55
18 10 40 14 47 12 32 3 22 7 342 49
27 7 45 15 121 19 34 16 37 21 190 61
26 1 38 18 358 51 31 1 22 2 299 59
29 1 42 26 280 43 60 20 20 9 162 49
57 3 25 5 274 66 24 12 18 20 99 30
16 19 59 6 16 1 36 5 37 9 148 41
18 20 43 16 356 40 69 19 25 12 273 10
48 9 18 25 88 2 26 21 63 13 256 25
71 1 7 0 331 14 66 2 14 14 96 18
55 5 39 3 149 44 59 11 26 17 186 55
22 9 48 18 316 73 46 9 17 6 240 17
26 13 5 13 225 22 19 4 49 8 71 15
24 1 47 6 316 69 25 17 43 5 256 29
31 1 7 16 175 35 79 1 13 2 243 14
16 9 17 4 53 2 63 6 15 3 158 40
43 23 55 12 379 58 35 10 13 14 362 2
20 6 40 25 281 86 24 10 17 6 115 2
38 1 11 0 354 72 18 1 53 7 371 45
39 9 56 12 258 52 18 1 33 7 278 39
24 1 15 0 313 85 32 11 41 14 294 64
40 6 45 10 63 15 36 5 15 13 308 66
45 3 8 15 345 109 40 14 31 11 236 59
