19 1 12 10 319 73 27 13 4 10 156 45
34 2 2 17 243 63 29 15 18 21 119 35
33 6 20 10 10 2 29 10 37 16 244 49
25 2 6 3 14 1 27 18 12 12 17 3
35 13 8 13 268 31 18 8 16 19 233 49
48 10 32 20 24 1 20 11 27 6 272 13
23 3 64 21 18 5 35 5 11 6 175 49
59 5 9 23 308 56 71 3 2 16 129 9
23 19 52 6 28 3 51 1 20 1 238 52
56 7 29 7 119 14 19 4 46 15 286 67
39 21 33 15 147 26 29 12 61 12 326 105
35 5 25 15 369 46 32 1 12 4 148 40
17 15 54 13 118 26 66 10 13 20 31 6
51 6 26 19 47 14 26 3 71 4 259 3
30 5 36 7 18 5 83 18 5 8 156 36
27 1 15 20 125 21 16 15 34 21 56 17
20 1 36 17 239 69 27 3 16 8 316 95
43 1 12 3 96 16 32 9 3 16 243 7
23 16 53 12 43 2 33 9 39 18 340 2
26 18 14 6 14 1 19 2 48 5 281 16
41 1 15 1 271 69 40 1 41 19 137 30
23 8 37 16 95 7 29 1 7 25 67 17
38 1 6 12 303 18 37 6 20 23 225 7
35 2 12 2 35 5 63 1 12 9 209 9
26 2 29 16 62 15 33 17 28 16 34 8
19 5 12 6 62 10 29 5 62 10 85 16
36 7 4 3 203 22 42 4 22 9 188 50
24 8 30 21 41 1 45 9 31 10 256 26
31 3 36 5 206 19 51 4 38 5 114 36
23 25 34 7 85 26 34 19 22 19 84 5
63 7 19 7 202 29 32 15 59 17 111 27
15 5 55 17 118 10 33 1 7 4 112 9
36 7 50 9 129 4 30 11 21 16 268 11
69 22 22 9 244 45 36 10 17 9 186 5
36 1 5 0 90 26 65 6 2 8 214 51
26 3 63 20 181 11 69 1 7 1 36 10
21 3 29 10 242 69 65 7 31 3 252 56
31 11 18 10 265 34 20 5 12 24 269 18
