53 2 31 2 215 60 70 12 7 5 95 29
66 1 21 3 318 9 21 8 24 22 183 59
55 2 20 2 187 38 63 4 25 3 214 51
71 12 27 24 283 5 69 1 16 1 90 12
42 3 5 13 284 93 28 1 66 2 30 9
47 3 10 7 46 3 22 11 22 15 47 9
47 8 20 19 226 36 19 12 35 10 335 29
31 1 42 15 284 6 28 1 26 6 175 18
31 8 2 15 372 115 17 4 70 16 215 59
16 3 19 12 259 59 51 7 40 12 66 18
68 14 17 11 368 120 26 17 60 12 292 56
34 3 11 20 36 2 40 3 36 2 232 13
46 2 46 6 109 30 85 5 4 18 351 76
43 3 32 6 169 17 32 1 11 6 138 23
37 11 7 20 221 50 43 17 34 16 31 5
73 4 6 4 363 61 45 20 36 13 316 46
51 7 9 9 161 44 42 13 32 22 129 39
23 1 27 14 77 15 44 3 9 22 23 6
31 4 8 6 116 6 22 1 59 5 319 76
50 3 49 4 348 34 57 3 7 8 63 3
26 2 57 15 13 1 35 16 4 19 108 8
33 6 56 22 35 9 22 5 71 19 157 39
21 9 53 23 209 1 87 20 11 16 37 5
51 9 15 24 354 74 48 11 14 10 65 9
64 2 4 9 50 5 44 10 5 9 170 12
15 3 59 11 133 6 77 12 21 13 361 24
32 17 6 10 254 69 84 4 9 14 305 6
30 2 35 18 76 14 61 24 19 10 366 59
52 12 8 16 10 2 69 8 14 4 351 16
20 9 27 23 172 20 53 10 6 9 149 23
42 7 5 16 143 34 23 2 23 13 207 36
20 20 60 15 225 50 46 4 38 5 98 17
48 2 32 23 155 43 37 1 50 8 118 20
69 1 12 0 226 55 31 22 63 13 315 102
68 1 2 0 124 13 68 5 25 6 100 6
46 1 5 13 27 1 65 5 26 6 14 2
65 13 5 17 156 6 73 3 24 8 199 32
65 4 6 3 17 1 29 3 15 2 237 54
