26 3 59 6 213 22 66 1 14 8 32 2
39 1 31 1 305 25 82 10 6 6 278 45
58 1 14 1 382 41 32 4 16 19 127 29
15 16 20 10 28 1 31 16 26 10 27 4
67 8 17 18 58 1 26 4 7 24 364 22
35 14 53 12 287 81 28 4 61 13 245 61
43 5 25 8 181 50 45 10 32 22 36 4
71 7 27 18 324 31 35 17 19 19 289 9
21 8 38 4 172 42 50 7 13 14 69 1
45 1 5 1 326 60 27 1 5 4 204 2
56 1 21 1 279 43 32 2 46 19 129 31
22 17 28 5 15 3 28 9 41 15 157 46
59 11 39 11 53 5 37 15 18 14 259 66
34 16 45 17 305 72 61 19 38 8 246 45
30 3 17 2 252 38 21 11 9 4 367 79
31 10 34 9 316 5 22 8 16 10 30 2
16 12 21 23 400 108 40 6 30 23 310 94
22 4 47 17 253 3 33 1 35 1 366 45
38 8 21 8 360 7 17 11 46 8 195 59
55 9 3 17 130 19 56 8 16 18 125 9
25 1 21 2 316 50 44 6 54 6 357 36
50 10 9 8 254 37 39 11 38 14 51 3
35 3 5 6 34 4 49 1 14 2 236 41
24 6 63 11 12 1 64 9 18 18 368 37
27 1 14 4 28 2 21 2 18 9 23 6
20 3 35 6 299 9 24 4 17 4 30 6
40 1 49 3 209 26 40 5 33 3 238 10
60 4 12 4 231 39 27 2 9 8 93 3
35 1 26 7 277 15 54 10 17 17 49 13
26 23 72 12 309 28 35 14 4 5 150 8
43 3 24 9 306 65 15 3 58 2 208 63
23 4 21 10 137 41 16 8 35 8 387 83
20 5 42 7 301 1 78 4 11 20 260 43
37 2 26 19 272 86 26 1 21 0 378 37
77 21 12 6 321 83 21 8 15 15 155 1
22 2 18 22 410 121 15 1 24 9 210 66
65 5 10 3 402 13 84 19 9 8 44 4
69 1 6 10 402 105 19 6 73 18 314 42
33 16 14 15 344 6 23 8 14 17 167 27
36 1 13 14 405 61 43 5 36 17 31 6
28 24 20 7 363 55 49 1 12 0 146 43
17 9 31 18 112 29 24 23 24 6 103 31
