18 8 27 18 185 6 50 9 23 15 126 14
40 3 6 23 173 2 54 2 3 15 352 1
24 15 22 9 115 25 22 1 30 4 79 13
17 6 15 10 297 94 24 5 73 6 121 39
18 6 25 3 116 10 82 1 4 0 164 27
50 2 29 24 149 47 48 11 3 4 168 41
49 6 32 18 387 44 18 1 19 0 243 72
21 1 58 3 310 100 58 7 11 8 288 52
65 5 32 10 232 43 38 19 20 12 352 115
33 14 14 20 344 6 17 26 47 7 29 6
55 2 39 13 56 16 22 12 49 14 261 28
43 11 18 23 166 48 66 19 27 8 317 65
48 22 2 13 65 20 54 2 4 17 195 42
18 1 18 2 108 21 35 6 39 26 22 3
60 5 18 3 34 6 57 6 20 24 292 59
57 2 17 4 150 36 20 3 76 7 241 55
29 12 26 18 333 84 33 15 25 11 230 18
31 1 32 1 211 55 66 13 6 21 386 122
21 3 25 2 307 37 44 2 21 20 187 29
16 17 22 5 66 11 39 13 9 7 151 35
32 2 33 11 99 3 45 6 22 15 359 28
41 2 2 7 43 6 22 4 8 9 318 88
36 1 50 1 177 13 80 17 12 13 351 20
23 3 7 14 217 33 31 3 4 2 53 2
62 1 22 0 20 2 25 6 18 6 265 7
19 1 53 8 347 13 18 2 22 2 116 15
17 13 42 22 110 2 36 1 13 0 245 40
28 11 20 16 214 23 29 1 44 7 134 5
49 5 44 23 84 22 59 9 33 6 12 3
64 6 24 13 283 71 78 10 7 22 157 15
62 11 29 6 27 8 29 10 25 11 291 41
18 3 29 16 361 59 63 5 20 9 328 28
31 17 11 15 155 16 25 17 55 8 61 15
40 6 12 3 90 25 64 11 18 16 323 60
39 7 9 26 151 4 39 1 49 2 298 8
50 4 40 6 155 20 27 13 63 16 135 42
68 8 7 23 271 66 44 1 28 1 152 47
18 12 23 13 149 28 44 7 51 14 56 12
21 2 34 16 317 1 60 1 15 0 279 30
