59 100 47 23
54 79 70 41
76 55 72 47
69 47 72 60
74 98 98 99
63 73 77 61
50 23 58 36
23 100 33 92
84 56 51 64
51 64 53 66
71 61 63 74
43 67 92 79
60 78 85 95
97 51 94 54
40 96 53 73
92 25 82 29
31 51 42 38
80 86 65 79
81 96 86 58
69 96 44 90
70 81 76 69
56 74 66 53
57 95 78 64
62 52 60 43
57 45 50 41
90 45 48 63
28 79 83 44
44 44 60 44
67 19 81 92
83 63 44 61
94 61 78 97
80 57 71 68
76 76 85 75
70 87 50 41
60 43 17 35
77 50 48 68
62 75 95 90
29 51 52 54
67 18 24 96
35 70 54 55
74 96 69 79
73 48 25 65
