15 14 15 16 285 20 53 7 8 10 98 5
33 4 64 4 45 3 48 4 9 12 179 10
17 1 15 2 374 91 21 1 9 7 235 3
26 1 14 6 117 9 34 17 24 12 77 18
36 8 9 8 82 18 40 1 34 20 311 98
16 12 24 10 14 3 94 4 2 24 170 14
91 1 5 2 327 53 92 5 7 12 199 39
40 2 19 7 367 109 35 9 12 6 98 30
35 14 26 14 134 43 16 16 20 5 347 79
23 9 23 9 296 37 63 7 25 3 14 1
30 17 28 18 52 9 26 1 10 16 386 96
35 7 10 15 269 31 33 15 35 9 380 104
22 1 55 3 104 30 23 1 38 12 365 102
68 10 16 8 331 71 24 3 74 2 175 26
41 3 21 23 333 28 43 3 7 2 102 10
15 6 15 26 224 34 56 1 3 1 192 11
50 1 47 0 382 53 16 1 20 2 52 5
52 3 4 21 207 45 29 1 6 0 328 14
39 11 23 17 245 19 19 1 22 3 33 9
26 1 43 0 139 44 52 20 34 18 383 110
19 5 35 12 217 53 38 1 41 5 364 120
44 1 19 0 42 10 20 5 42 3 171 13
43 2 7 5 147 24 52 3 41 7 117 35
18 10 23 11 168 3 18 11 53 4 215 69
28 12 21 20 60 11 37 2 22 3 154 24
49 10 17 6 165 8 34 1 21 21 257 81
32 1 16 2 133 23 23 10 9 21 293 36
19 15 28 16 78 24 40 1 6 0 157 6
66 9 11 9 317 65 34 22 53 15 239 43
40 4 57 12 386 99 20 17 42 20 309 6
67 6 20 12 133 19 49 5 7 4 356 6
22 1 22 1 136 10 37 14 58 9 176 57
21 3 30 12 372 6 67 4 9 12 303 36
59 4 40 5 131 10 23 4 8 8 331 24
59 2 17 4 10 1 21 9 72 25 367 53
62 8 36 10 50 7 62 1 14 5 101 21
28 2 3 21 22 3 15 6 23 12 227 11
55 6 19 15 200 64 23 6 25 3 262 39
55 2 36 8 114 30 22 8 30 11 70 11
