86 95 93 94
95 84 67 73
40 50 57 87
20 62 33 21
47 44 17 16
76 80 86 78
64 34 41 88
83 15 94 38
34 64 89 67
36 46 43 46
93 61 80 97
63 47 61 25
31 34 80 43
37 95 45 44
28 54 56 55
58 18 44 71
98 27 22 98
91 85 56 42
81 86 71 88
32 65 57 77
75 64 62 65
57 57 37 77
58 43 54 60
87 82 77 43
32 55 39 46
53 48 33 33
72 89 72 79
64 49 45 68
50 66 40 87
32 44 53 32
84 62 61 82
77 20 72 48
44 37 67 78
42 31 41 47
89 41 100 64
23 49 42 61
48 89 57 53
81 77 44 48
52 94 37 85
91 32 97 87
28 58 65 89
56 100 17 50
