46 1 42 7 247 77 15 11 66 21 340 4
28 12 3 16 256 77 17 1 66 4 102 31
51 4 18 23 353 49 61 1 13 10 307 88
45 15 11 8 31 7 48 2 29 7 384 58
83 4 2 13 296 37 36 15 47 17 300 5
25 10 21 21 111 17 36 10 6 12 320 25
57 6 2 23 16 1 35 5 17 8 224 67
37 12 28 12 402 41 21 6 20 9 157 47
26 10 64 9 375 8 73 2 2 5 253 77
45 8 17 19 133 17 47 9 17 9 175 42
69 3 4 2 103 3 21 13 22 16 311 27
52 4 39 21 16 4 44 10 3 9 39 3
39 21 9 13 206 45 28 13 35 22 29 6
21 11 32 6 157 26 20 17 50 15 56 7
30 5 12 3 226 64 61 1 19 6 243 38
27 14 14 21 329 65 70 1 4 0 203 22
23 14 57 23 350 73 63 4 23 10 204 64
40 1 8 1 110 1 25 3 15 8 285 88
20 1 11 2 406 14 15 1 21 23 19 5
46 2 14 7 388 52 49 12 44 7 333 43
59 5 8 3 319 4 60 2 2 25 299 91
60 12 12 10 117 30 18 11 23 11 189 62
32 2 43 2 133 8 15 12 35 16 141 30
36 13 32 15 125 36 18 6 34 18 225 7
38 13 45 23 179 19 24 19 46 19 360 7
20 1 73 0 300 63 44 1 6 3 294 45
47 4 20 16 279 43 29 10 64 12 66 6
35 8 36 19 45 5 33 8 16 20 294 26
26 10 9 11 76 5 42 2 19 5 60 14
22 10 20 24 35 10 79 5 12 14 246 9
64 16 26 21 132 9 44 1 26 0 163 2
50 8 34 4 188 47 46 1 15 3 312 21
56 2 11 7 254 67 46 5 40 4 69 10
16 22 22 9 51 10 16 4 57 13 104 28
21 1 27 1 38 2 62 8 21 10 221 33
34 3 54 2 131 24 26 1 9 8 209 19
47 5 31 7 86 3 18 12 12 17 246 6
53 2 21 6 264 5 35 4 45 3 223 58
43 18 12 17 265 74 22 2 29 12 245 57
61 17 13 18 178 31 53 18 44 10 381 98
37 5 59 26 350 111 24 11 68 6 289 79
46 4 16 3 86 24 17 4 18 8 256 35
