71 78 80 77
41 42 49 51
34 36 66 76
87 72 55 94
74 61 81 82
60 70 68 71
50 62 71 63
79 24 91 68
72 77 70 53
24 38 59 90
87 92 98 85
58 55 58 79
33 21 35 49
88 44 47 94
33 46 57 74
64 62 78 78
93 68 84 84
67 64 64 70
72 77 53 21
86 80 73 57
98 80 37 57
75 73 82 61
69 70 56 62
69 65 48 49
50 60 87 91
74 42 94 94
19 46 68 18
65 71 67 73
93 67 62 81
33 80 22 78
55 93 38 53
68 56 35 53
57 58 46 57
81 59 61 84
66 97 88 71
36 61 63 63
81 68 32 61
20 45 66 55
57 39 53 61
52 32 36 59
85 33 66 47
79 69 76 61
