19 1 49 18 388 47 28 9 4 10 268 50
51 10 28 18 311 27 50 3 15 11 350 112
16 6 22 6 414 44 60 8 29 23 331 6
81 1 7 0 178 57 26 3 4 26 410 100
60 1 31 6 264 69 21 3 32 2 306 72
16 5 31 26 106 30 39 2 35 3 140 25
25 14 5 20 279 67 38 5 57 6 281 15
33 6 20 12 190 10 37 7 42 24 300 21
22 8 40 4 226 44 53 17 33 5 211 22
42 2 7 5 208 15 19 2 25 3 106 18
42 8 7 8 173 41 35 1 62 16 180 39
30 8 11 8 320 88 40 18 34 6 78 2
25 4 34 9 411 71 56 19 23 6 235 12
44 6 48 10 104 16 30 1 18 17 268 76
53 5 39 7 232 15 33 10 13 25 143 31
18 3 51 2 170 47 69 3 4 2 355 94
46 2 13 4 349 21 34 2 37 23 218 9
19 1 34 4 68 14 22 14 18 21 124 24
19 15 14 13 241 71 28 15 7 5 290 73
23 2 40 20 263 76 52 8 5 6 272 43
37 13 12 21 69 21 60 2 5 9 186 55
21 18 12 8 286 47 29 20 23 13 134 43
23 1 13 2 395 33 21 26 33 7 101 15
74 4 14 24 71 16 34 3 61 21 61 11
15 18 26 12 176 39 43 7 44 3 179 13
40 2 15 7 138 38 35 1 4 6 345 86
18 22 39 6 341 31 19 2 68 12 164 18
84 6 10 12 67 20 21 11 33 19 341 88
75 9 13 7 85 10 56 4 11 14 139 45
26 1 25 7 336 89 37 8 8 8 169 43
71 14 25 14 237 28 26 10 66 20 152 41
24 8 25 8 242 34 25 7 29 3 238 16
54 20 14 6 255 65 29 17 10 16 360 52
24 9 31 17 60 5 50 9 8 18 10 2
20 9 31 20 336 47 25 10 22 12 361 109
20 7 49 24 247 33 18 4 60 11 259 41
69 4 20 12 24 4 22 8 32 11 168 19
30 4 63 11 231 45 20 1 74 0 343 47
23 15 74 20 11 2 21 18 11 6 381 69
54 12 4 13 341 65 51 7 31 14 149 40
26 9 7 23 388 101 19 2 18 12 171 42
41 16 54 17 257 75 43 9 29 21 109 14
