92 62 17 74
50 75 50 58
71 60 80 49
85 89 37 59
48 33 60 41
78 22 24 71
38 67 39 74
57 75 59 54
44 50 51 48
25 28 58 60
35 32 33 52
35 58 47 81
56 90 69 27
38 30 97 49
66 45 18 74
43 53 39 43
80 33 80 69
54 54 66 58
75 45 47 45
94 34 37 23
72 54 85 70
64 60 51 50
81 56 92 44
28 27 21 98
17 81 21 80
92 74 87 35
48 25 63 83
53 100 52 86
44 22 32 24
36 41 33 98
61 32 67 80
61 73 94 57
65 80 50 37
28 43 32 61
50 35 67 57
53 39 32 61
69 72 60 89
72 85 91 51
82 52 48 100
97 68 93 38
37 57 65 93
62 65 58 60
