63 11 14 16 24 7 22 10 28 4 11 2
43 5 36 15 293 81 56 11 18 6 250 51
16 14 73 23 345 42 45 5 27 7 277 31
56 3 18 5 271 82 22 2 56 20 118 23
66 7 25 5 285 69 16 12 16 7 138 35
44 1 17 1 106 3 29 14 8 12 181 34
26 1 47 2 222 46 37 14 53 5 33 9
32 1 11 1 205 59 26 11 52 6 142 45
32 9 65 4 12 2 15 11 31 17 294 2
57 5 20 25 185 20 15 9 15 20 60 2
74 13 5 17 202 60 38 5 49 4 325 65
30 8 14 25 278 46 32 1 33 1 120 3
67 2 31 2 200 35 34 11 16 15 35 1
62 6 3 5 123 39 16 8 24 8 364 87
27 6 48 11 310 82 23 5 14 15 218 34
20 9 13 15 158 29 29 5 38 15 212 9
49 2 9 16 18 2 31 4 3 17 258 33
59 18 36 6 380 89 24 11 23 4 39 7
66 1 8 3 30 5 30 11 50 17 72 14
31 4 58 5 306 96 18 15 58 14 36 2
82 6 4 14 279 28 21 20 23 6 175 48
50 2 27 15 281 80 18 5 22 3 35 1
47 8 29 8 127 12 64 8 4 16 230 10
30 3 28 24 108 10 15 2 16 3 147 33
40 6 32 15 137 33 34 6 49 21 99 27
34 11 48 15 87 28 17 17 19 16 244 39
31 1 42 23 146 23 23 8 54 10 375 57
56 11 23 20 94 8 38 16 13 16 32 3
35 5 61 22 86 25 17 2 21 15 161 37
24 9 22 13 154 49 33 16 21 17 140 34
34 2 12 11 195 15 37 1 2 3 119 23
15 18 59 15 332 109 17 7 29 8 57 1
15 4 32 12 255 67 37 3 41 11 96 29
81 6 8 11 298 81 26 5 7 6 365 7
40 7 47 16 307 56 26 1 17 1 258 49
19 7 37 8 59 3 31 3 11 17 133 14
62 1 33 0 11 2 22 10 13 19 57 18
31 16 14 5 101 7 65 1 34 9 99 10
59 3 6 11 202 1 29 8 28 8 332 45
