17 8 36 12 296 77 21 1 15 1 344 81
33 3 66 7 108 8 56 5 24 16 187 46
37 1 9 1 307 45 35 18 45 8 278 86
61 19 14 12 98 30 35 4 2 6 42 11
36 2 22 5 141 6 19 1 11 14 309 76
78 2 11 3 23 6 44 3 15 26 175 1
54 1 35 0 104 17 31 3 48 13 191 30
15 4 75 5 377 26 22 6 30 5 177 11
33 7 23 9 166 33 60 9 12 7 113 2
53 1 4 0 137 42 18 13 70 7 334 54
25 2 65 5 172 48 39 4 3 25 327 36
38 4 3 6 125 39 22 1 11 6 19 4
17 11 44 12 367 53 38 16 11 13 88 4
17 10 35 24 224 67 27 1 31 3 317 34
42 6 6 25 177 32 74 20 18 18 56 3
41 11 3 12 209 43 36 1 12 0 16 4
32 23 46 9 103 20 28 1 4 3 295 77
49 17 23 10 265 3 33 4 3 11 244 32
57 2 18 2 54 6 16 5 64 17 230 29
18 14 68 20 99 21 28 1 26 4 20 1
44 9 27 10 150 7 30 7 40 10 167 10
36 17 35 15 114 26 32 5 36 12 188 50
44 14 4 12 93 17 15 17 20 10 144 20
62 21 31 9 159 47 62 17 24 5 171 26
20 1 30 23 348 30 24 7 10 26 340 71
35 1 59 3 94 15 33 16 55 8 234 53
23 2 23 25 18 2 15 3 16 15 140 8
24 1 9 5 373 40 46 12 41 5 346 65
51 9 28 12 315 56 23 8 9 20 290 61
53 3 12 4 237 37 65 12 17 20 61 10
18 12 49 24 349 82 36 4 22 9 65 15
71 1 18 2 318 17 69 1 13 2 165 38
24 10 64 6 130 42 26 1 8 3 235 23
18 16 17 13 300 88 46 1 36 13 112 17
71 1 6 1 29 2 83 6 14 5 273 56
53 12 22 19 33 4 44 9 6 7 223 45
63 4 32 3 47 4 19 2 74 8 124 22
75 4 7 8 251 28 46 15 4 11 101 11
