59 12 16 17 21 2 56 5 29 13 17 1
82 13 13 22 234 35 23 12 74 24 19 1
24 6 61 13 191 50 20 17 49 20 236 56
79 4 17 6 268 14 22 5 41 18 255 42
17 10 23 21 143 7 44 2 2 4 10 2
41 1 12 0 190 61 32 2 7 4 93 22
22 5 37 3 127 24 20 1 17 1 195 59
18 13 39 10 304 76 35 1 19 0 387 52
86 11 12 15 396 121 56 17 32 18 308 13
52 2 11 2 301 22 41 6 11 19 180 13
82 2 2 6 389 21 40 7 2 12 83 20
30 1 31 5 220 69 25 2 18 3 214 64
68 6 26 19 174 12 27 14 6 16 323 15
61 13 37 5 183 50 23 13 46 18 241 58
24 1 47 0 255 1 35 9 11 4 335 55
31 2 43 3 324 19 48 14 46 19 173 41
37 2 2 10 317 14 29 3 25 7 110 30
33 18 46 12 10 1 44 4 17 15 250 24
39 1 22 1 342 34 45 17 10 15 84 23
57 2 35 6 279 14 24 2 27 9 375 37
18 20 29 6 248 10 26 3 9 8 102 16
18 10 13 11 183 12 23 5 52 7 195 21
19 1 74 0 13 2 42 17 11 8 365 41
33 8 26 24 79 12 75 5 17 4 338 20
19 3 18 6 235 2 30 2 68 7 40 3
26 2 16 4 109 25 36 11 10 17 299 87
19 2 79 9 232 15 38 10 31 8 267 52
19 10 12 21 382 126 67 15 23 5 339 93
67 1 10 1 219 41 24 12 74 10 353 7
38 1 57 20 282 67 44 10 7 6 271 25
38 11 13 4 383 119 36 3 12 5 92 20
17 1 48 0 162 35 79 3 17 4 270 30
74 5 5 19 117 32 47 8 30 10 272 7
62 6 8 9 24 3 59 3 5 5 268 84
43 6 29 11 193 16 66 6 14 3 170 31
40 11 23 8 281 1 21 15 18 20 170 3
76 7 19 3 221 32 32 7 28 3 181 55
64 22 29 13 344 77 40 12 43 13 366 47
37 4 21 4 242 44 23 1 14 1 179 29
45 6 2 13 369 116 42 8 39 6 360 67
