58 3 36 9 13 1 28 9 13 16 372 122
34 13 14 15 361 103 34 2 5 5 268 52
40 2 33 7 313 84 28 4 29 13 21 4
48 13 14 10 209 32 16 1 15 0 165 49
39 16 11 19 356 72 73 21 21 9 337 98
26 22 9 6 255 59 27 12 13 10 346 83
69 13 5 5 369 88 16 5 66 3 380 58
15 1 61 12 154 39 18 7 67 10 44 2
22 2 43 6 14 3 33 17 56 13 109 17
41 8 49 7 61 18 66 3 32 26 53 12
41 1 42 0 310 62 52 18 45 12 17 1
53 22 11 13 126 32 26 1 31 1 171 39
26 2 22 5 339 1 26 2 15 6 32 9
47 4 18 5 123 1 29 4 6 10 262 56
25 9 12 16 44 8 44 8 37 4 214 62
35 5 30 4 160 27 58 7 34 22 73 2
28 10 48 25 316 68 16 7 68 3 43 6
71 11 25 15 382 106 21 2 55 13 212 66
60 1 34 1 377 116 70 2 24 6 342 111
25 1 5 2 34 9 28 9 34 4 127 41
50 3 23 11 33 3 29 8 3 25 95 26
46 1 29 18 68 2 48 1 37 1 312 83
16 15 25 13 155 10 20 2 77 24 102 19
23 17 38 8 98 15 18 6 42 26 122 38
75 8 13 6 290 89 28 11 22 24 382 105
47 1 37 5 334 30 19 2 44 16 58 12
16 1 15 1 387 43 25 7 26 10 240 59
58 8 31 17 283 77 26 6 4 14 326 12
67 7 9 16 221 14 31 20 16 16 200 20
22 3 47 6 357 102 41 5 15 20 289 6
32 11 44 23 135 28 55 8 2 4 345 50
30 17 38 15 302 86 40 2 39 12 75 2
48 1 38 11 373 88 27 1 10 6 244 2
47 5 7 16 379 15 35 17 45 13 128 18
23 9 69 15 311 5 61 13 16 10 348 55
36 25 25 10 255 80 26 26 38 7 228 73
77 8 8 23 366 76 26 1 46 5 397 30
40 6 17 21 280 78 37 2 4 5 182 36
54 7 4 26 25 5 41 12 14 16 346 13
23 8 21 11 61 18 30 4 48 3 358 26
