22 2 74 14 131 32 38 3 61 11 161 50
65 2 10 5 303 43 35 18 13 8 78 19
72 3 5 12 306 14 84 11 11 6 162 19
43 3 11 11 163 3 22 3 34 8 121 22
32 5 24 8 229 29 68 6 14 3 219 6
40 1 57 22 395 129 78 10 20 4 107 24
35 2 42 3 187 43 77 2 18 3 371 89
50 1 21 4 165 54 40 8 33 12 36 1
82 6 13 15 387 62 23 2 43 2 91 22
26 4 35 15 46 9 48 6 3 21 58 18
71 17 12 18 369 86 54 3 36 2 64 10
84 7 6 5 335 107 46 2 20 4 383 100
53 9 29 18 79 9 60 16 34 21 406 117
15 19 26 6 279 66 41 1 13 9 61 1
22 11 32 16 164 50 16 15 73 8 251 76
48 7 19 20 125 16 19 1 74 2 263 11
41 1 9 13 339 85 22 1 39 1 302 13
43 10 13 11 115 15 21 2 23 14 397 131
36 13 62 21 132 19 68 1 13 2 285 82
31 8 61 4 10 2 33 4 35 4 383 65
29 21 10 9 320 56 62 1 35 6 377 111
37 3 54 2 151 33 28 1 22 2 22 2
21 4 51 4 323 79 78 2 12 3 143 8
70 4 22 10 222 60 23 4 46 16 160 7
20 16 32 21 291 30 79 9 13 14 390 121
62 5 21 15 243 73 15 6 15 8 79 12
19 6 13 8 261 77 16 8 79 4 150 42
28 5 3 4 367 108 27 1 17 4 243 5
44 15 47 11 393 40 17 7 29 14 70 5
20 7 32 21 72 12 30 15 11 22 112 19
39 4 18 3 228 60 38 4 44 10 158 47
25 2 74 5 294 51 41 4 34 24 95 2
36 1 16 5 100 21 81 4 12 11 151 29
50 4 10 19 91 28 19 9 60 6 46 9
33 4 20 10 85 2 51 1 36 0 383 46
30 4 11 23 134 40 25 10 17 11 107 22
32 1 14 2 406 76 15 13 45 15 176 11
24 2 17 6 166 1 27 3 16 8 56 10
28 1 26 5 76 21 20 1 13 2 343 24
54 3 30 10 375 58 72 1 26 7 189 18
29 5 14 6 20 1 23 1 58 1 159 45
