83 63 18 64
80 77 63 53
25 74 90 24
33 29 32 29
57 55 77 52
19 50 52 62
93 100 53 46
31 65 55 93
77 55 71 74
49 58 67 63
64 16 99 43
92 89 79 63
23 79 55 78
62 16 30 79
88 67 68 31
68 59 57 55
45 40 52 17
94 71 74 31
47 65 76 81
61 84 69 61
52 30 62 50
86 88 60 70
56 58 59 56
57 44 27 97
97 30 84 76
70 58 59 59
36 41 58 56
92 73 55 69
67 86 38 69
79 84 16 28
55 63 61 65
46 59 81 68
46 86 23 86
36 22 68 71
75 87 82 61
58 100 29 75
64 92 40 85
76 24 67 89
64 43 46 37
73 68 69 82
34 62 70 81
43 48 37 45
