52 97 89 79
79 96 86 83
93 59 19 18
74 45 87 39
98 89 80 75
81 75 64 43
64 49 42 63
95 92 59 69
89 90 84 89
59 37 50 42
43 58 64 47
33 64 66 57
51 90 30 68
100 96 92 89
80 58 48 52
65 71 81 84
75 46 82 65
55 72 70 65
26 31 42 39
15 65 80 78
67 68 66 54
34 22 44 28
95 52 40 32
72 71 75 52
36 43 35 42
37 31 61 70
49 92 47 45
30 24 60 35
84 98 42 35
95 24 39 79
57 47 61 67
54 38 25 56
55 26 28 32
70 36 38 59
48 53 53 53
55 84 50 42
44 94 46 74
76 20 83 62
29 80 26 69
50 61 46 72
97 73 20 36
61 89 70 69
