28 2 17 2 128 18 34 5 6 4 255 51
64 14 26 20 290 19 20 2 49 12 28 3
76 9 16 13 132 18 45 22 18 9 416 131
33 3 24 4 313 31 39 1 5 3 412 71
28 1 36 0 228 14 17 13 70 9 111 24
33 2 39 6 172 42 49 16 24 21 164 24
21 1 10 11 96 14 82 1 3 0 235 33
89 15 7 5 92 20 72 1 17 1 282 87
21 1 21 20 317 36 46 5 16 12 332 19
24 8 7 4 256 80 31 11 48 22 206 7
70 11 27 8 172 51 22 5 46 13 259 15
45 7 20 8 382 42 18 16 58 5 253 49
82 1 2 1 309 47 17 7 57 17 102 16
48 9 28 7 331 52 18 1 23 21 62 14
38 5 34 6 239 15 30 9 20 10 368 48
78 9 18 25 162 32 49 7 8 3 237 60
52 11 9 16 197 8 34 7 7 16 337 70
32 1 6 0 208 33 57 4 10 9 404 73
28 4 39 3 352 66 22 7 48 16 315 69
37 2 41 3 48 8 60 14 13 18 73 6
78 1 19 23 356 101 84 2 5 7 398 120
16 16 15 8 182 13 24 2 8 6 40 6
36 1 57 9 188 44 43 4 48 20 313 8
49 1 2 1 160 7 28 15 3 9 196 18
43 1 37 2 397 50 68 11 27 11 61 10
57 1 21 0 279 75 27 13 9 18 365 23
47 21 27 15 270 88 39 2 54 12 36 2
41 2 36 3 83 15 19 5 73 3 127 41
38 1 16 2 155 46 34 3 30 11 332 66
63 2 12 14 371 33 40 3 44 8 389 73
15 9 41 12 406 129 64 13 23 10 314 11
20 25 24 7 188 52 29 1 8 23 28 5
37 3 3 2 50 12 18 2 77 26 379 63
45 6 14 5 347 13 26 2 70 2 162 23
69 1 22 1 233 39 32 3 46 21 18 2
17 1 13 14 16 4 65 2 27 9 285 18
34 14 21 14 115 12 29 13 57 10 316 15
41 6 48 8 249 38 35 2 5 22 67 19
20 4 70 4 33 2 19 5 15 12 208 66
41 11 31 15 59 17 89 22 4 6 267 64
63 4 2 25 90 11 16 8 49 23 85 6
28 10 42 6 326 30 46 1 11 1 210 30
