71 7 13 7 341 56 22 2 15 3 366 32
36 1 27 22 248 10 74 6 15 5 29 5
78 1 19 3 285 56 53 2 24 10 281 28
51 8 38 12 260 3 15 1 28 20 170 14
19 4 64 11 284 87 69 2 28 11 41 10
58 1 26 7 225 31 22 7 18 8 224 34
42 2 16 4 376 13 15 6 19 26 310 75
54 2 15 3 360 7 17 15 27 9 237 11
31 5 13 10 171 50 63 1 4 0 222 2
71 18 11 14 311 97 60 9 29 7 283 53
37 4 10 4 166 41 15 7 17 9 181 42
21 5 29 3 49 9 31 1 48 5 156 9
33 1 53 7 75 7 26 21 8 16 221 15
26 3 11 4 187 23 17 3 58 9 218 41
44 7 2 7 332 109 24 1 9 10 316 71
94 15 4 8 252 63 75 1 12 0 342 47
87 13 4 18 252 76 75 25 22 7 177 4
15 14 73 21 72 10 57 7 41 9 97 29
31 14 5 7 68 7 17 11 30 17 91 2
30 1 30 1 140 4 75 7 17 12 97 10
34 5 3 22 57 12 28 2 8 2 176 18
22 1 77 0 319 68 51 14 40 5 101 27
37 20 23 11 260 42 22 13 55 18 292 96
34 17 55 5 68 12 31 4 43 4 13 3
18 7 12 9 232 42 30 5 7 6 187 6
27 16 54 12 233 25 15 1 71 7 264 82
31 1 17 1 272 67 86 15 8 5 348 107
19 17 40 18 109 21 18 7 31 9 75 7
17 1 67 2 124 36 24 17 27 12 180 2
62 2 22 23 165 15 46 3 6 9 223 9
22 15 68 13 179 55 34 4 48 15 205 38
27 16 10 12 23 3 46 12 29 9 293 90
47 11 44 4 322 92 52 9 22 10 67 18
42 2 53 17 110 18 18 18 20 6 167 43
26 11 21 20 67 19 15 2 22 3 86 11
22 1 49 4 77 11 32 10 27 18 197 36
46 12 12 24 268 2 47 1 22 1 134 3
76 3 17 22 143 21 67 3 15 2 373 5
