41 2 2 13 229 16 34 7 21 15 402 102
40 9 36 4 69 10 26 2 8 5 19 3
38 13 4 7 246 19 19 3 54 11 343 13
19 3 19 2 95 27 16 2 48 4 349 16
36 4 43 5 166 12 57 2 16 19 380 73
39 1 52 1 129 30 68 3 31 8 85 20
35 4 7 4 161 34 57 2 16 3 103 30
44 1 3 0 128 31 40 9 48 13 345 9
26 4 71 5 259 72 33 2 30 5 375 79
76 16 22 16 113 17 31 5 13 6 53 6
42 4 4 14 93 22 66 1 15 1 383 75
43 1 26 17 54 17 16 3 16 2 128 38
69 5 9 21 69 5 28 1 8 8 11 1
39 11 14 24 35 10 19 8 68 24 46 5
28 8 34 8 345 19 21 2 54 8 15 4
48 10 25 16 181 15 62 1 4 2 137 29
34 5 4 9 96 4 21 9 37 7 168 9
35 2 3 14 322 65 16 15 16 18 58 17
25 5 40 3 200 53 62 6 25 15 395 17
28 8 18 22 90 12 31 6 15 20 375 45
63 7 3 17 63 15 61 11 16 8 404 102
58 3 14 7 360 56 61 5 22 10 289 64
23 17 10 18 360 63 46 11 39 11 223 13
29 4 13 6 104 6 36 2 36 21 197 10
31 6 20 20 123 39 80 3 17 2 374 101
39 2 22 2 203 42 22 4 52 8 101 9
76 5 10 8 79 14 28 14 47 5 382 53
20 2 11 2 321 47 46 4 36 12 407 96
54 3 40 23 182 46 26 2 24 2 351 14
29 5 6 14 331 63 27 4 3 6 40 4
52 8 8 6 140 8 45 15 7 17 229 17
17 2 42 22 89 22 25 10 26 9 63 12
17 1 14 1 13 1 75 2 3 20 69 5
28 3 5 5 258 84 42 18 11 14 112 19
21 2 57 15 90 24 16 5 66 15 419 60
41 4 34 8 273 60 19 2 21 2 106 4
54 2 6 3 358 115 58 11 13 14 374 119
31 7 38 19 92 5 28 9 13 24 260 81
35 8 10 11 266 57 22 16 39 10 305 91
40 8 54 12 58 9 34 2 18 11 101 32
32 2 5 14 69 4 63 17 14 8 159 16
93 6 6 6 23 2 30 5 7 7 192 23
