16 7 26 22 237 14 25 16 6 10 249 47
84 3 5 17 343 94 32 5 37 4 186 38
25 1 48 1 106 28 25 12 34 19 272 4
39 4 11 5 128 25 42 24 25 10 317 60
52 19 16 6 361 80 53 9 33 25 280 26
16 8 30 8 246 5 17 1 28 6 354 6
17 5 18 3 337 77 85 5 7 10 34 1
43 1 31 4 162 30 41 1 18 0 170 9
41 1 9 6 291 3 41 10 11 22 413 5
19 22 18 11 292 28 35 2 10 16 49 10
48 10 8 6 68 16 41 14 54 7 141 21
56 18 15 15 302 88 61 10 14 21 109 16
54 1 30 7 313 24 36 11 33 16 201 61
17 1 76 5 14 1 49 1 21 0 29 7
24 1 50 3 304 100 43 7 23 9 55 3
16 7 17 3 366 47 45 6 5 6 310 102
26 1 15 0 248 42 36 5 12 12 169 15
36 4 7 4 291 74 23 11 48 11 252 72
51 3 31 11 359 4 35 4 43 26 133 2
32 1 33 5 402 40 46 4 36 13 48 13
47 3 18 2 265 77 61 5 18 8 292 82
25 2 51 18 356 30 40 11 4 23 315 101
39 6 39 11 74 18 46 1 8 1 264 17
27 3 8 7 223 31 18 2 19 2 355 114
21 3 45 14 107 9 15 8 58 15 23 1
25 5 10 26 49 14 54 16 9 5 234 11
55 2 16 7 180 12 31 2 5 10 160 45
31 9 14 7 414 41 55 1 11 0 72 11
35 1 29 19 114 25 30 11 65 16 116 29
38 20 4 11 345 26 61 22 24 11 162 10
19 12 32 19 373 25 57 4 4 5 178 35
28 22 14 6 387 20 27 1 12 3 21 4
28 1 11 11 415 13 39 13 60 5 210 7
64 15 10 11 119 13 21 5 55 7 376 79
39 3 54 9 147 11 15 17 44 15 302 90
40 5 22 20 124 30 27 12 35 12 188 44
35 5 10 8 230 17 23 2 9 5 130 38
20 1 29 0 190 1 44 10 22 6 248 26
18 16 54 8 265 48 87 5 4 4 265 17
58 13 19 13 155 50 33 10 38 16 131 21
15 2 17 25 37 5 16 8 83 13 202 27
27 10 47 11 332 10 24 9 14 7 31 6
