68 4 7 23 122 4 53 5 33 15 88 26
15 6 25 11 28 7 32 4 35 13 248 28
33 2 5 7 133 11 30 9 50 4 302 57
22 3 14 15 332 66 16 8 80 4 276 5
17 6 49 9 84 10 28 7 11 9 307 39
33 4 2 6 90 5 36 1 31 0 118 28
36 16 42 12 57 12 41 2 46 6 357 50
37 14 4 16 276 8 15 1 57 0 190 55
36 3 40 23 155 18 61 4 9 3 76 17
44 19 18 14 110 1 57 6 40 10 53 16
30 5 47 4 158 42 46 15 4 5 122 5
86 1 2 3 239 74 26 4 5 5 167 8
60 19 22 8 153 23 73 6 4 22 282 5
51 1 27 3 38 1 15 8 17 12 43 9
23 12 10 24 388 98 37 1 25 0 354 108
39 2 50 7 293 96 21 1 44 0 313 65
61 14 35 9 288 94 19 9 23 7 250 24
47 1 5 1 188 52 70 6 28 10 195 8
59 5 16 6 313 84 52 14 20 15 134 25
64 5 22 3 19 4 29 5 36 9 69 9
20 5 46 14 206 6 65 5 31 22 88 17
72 1 11 0 347 13 49 17 6 12 51 14
30 1 4 4 17 3 19 3 15 16 268 11
17 20 27 15 198 61 16 14 80 16 200 27
91 1 5 18 104 29 36 14 12 12 376 13
20 2 22 3 279 22 31 2 4 11 10 2
35 16 25 17 385 96 79 6 12 11 322 95
54 18 6 6 367 74 32 4 15 5 127 7
34 13 13 18 273 69 61 1 29 1 147 17
38 12 10 20 27 8 26 10 27 6 239 20
36 5 9 10 382 25 30 5 40 7 217 31
57 15 4 8 121 14 23 11 13 19 369 114
37 7 8 3 80 16 44 2 44 4 250 24
32 12 34 10 233 23 44 4 30 4 62 14
24 6 27 11 43 1 40 6 3 3 384 78
26 17 56 19 389 103 40 3 10 4 168 33
47 1 36 4 228 31 16 8 19 4 15 2
59 5 27 13 167 14 32 14 39 21 264 46
27 7 61 8 104 33 17 2 15 6 148 36
