30 1 36 3 330 11 23 2 45 8 378 108
18 3 42 20 203 35 16 11 15 8 291 61
65 14 31 15 302 6 26 1 23 1 348 68
67 1 3 1 78 22 78 1 14 22 325 95
15 8 19 20 29 8 25 6 15 3 156 36
82 18 14 6 34 3 35 14 20 7 306 24
53 1 36 14 373 1 42 20 12 13 246 19
36 24 11 10 317 25 45 9 22 20 274 63
37 19 5 8 222 15 35 1 17 17 370 118
30 3 12 2 44 4 19 22 25 11 227 56
59 8 37 21 101 1 33 13 19 7 227 54
76 4 11 3 294 34 53 2 26 2 133 33
29 1 2 1 345 54 51 11 2 24 376 104
42 18 6 10 170 19 33 8 41 12 170 51
70 4 7 9 303 15 22 2 19 2 22 4
40 5 15 25 10 2 15 22 17 6 337 30
20 1 60 13 55 10 55 5 25 10 263 36
15 18 42 18 167 41 48 2 7 23 83 22
20 6 69 15 79 4 28 4 2 13 182 46
27 11 6 24 17 3 56 8 7 7 340 105
33 1 12 2 302 12 18 3 13 7 166 27
49 14 30 9 21 6 55 12 24 16 30 8
39 8 12 11 38 11 28 19 15 8 199 22
53 7 25 19 255 72 46 1 27 4 350 94
25 23 19 14 122 25 17 5 20 8 304 42
58 2 11 4 143 21 47 2 2 3 290 59
57 11 14 15 34 7 21 1 27 1 86 23
17 1 16 2 189 7 29 2 23 12 237 4
27 1 53 1 15 4 15 1 54 0 229 71
27 5 7 18 157 39 16 3 70 21 342 70
25 1 11 0 32 6 59 3 38 5 102 6
38 1 2 10 346 41 53 19 24 6 306 39
15 1 57 6 16 4 45 20 23 16 132 23
76 15 11 9 99 24 43 11 14 15 281 3
44 10 41 9 93 5 24 3 18 14 304 89
27 1 7 0 294 23 44 6 38 8 42 9
48 6 17 8 62 13 38 10 19 4 145 47
21 3 46 4 217 39 49 10 12 17 197 51
