63 39 86 78
50 40 75 89
84 32 79 49
80 78 71 41
78 88 100 61
87 76 98 46
92 40 88 15
37 18 43 41
59 81 62 77
94 96 65 88
45 49 40 60
66 83 71 96
86 60 93 29
71 16 43 62
65 60 68 53
62 53 66 33
83 64 33 30
36 51 54 39
33 39 66 31
60 50 76 69
55 78 38 28
36 55 93 88
92 52 43 37
31 90 99 93
66 20 62 30
69 72 70 72
85 87 42 88
29 65 30 54
39 65 24 39
41 42 73 40
61 60 74 43
86 78 63 85
76 61 69 62
25 56 88 64
74 66 57 77
61 50 67 46
17 60 44 51
89 75 83 68
53 62 93 17
61 90 56 56
47 64 84 97
43 63 32 55
