72 17 12 12 63 8 33 4 49 3 377 26
47 6 5 9 214 54 16 7 26 14 312 61
51 5 4 23 151 22 60 13 15 7 22 3
27 2 11 3 70 20 61 2 23 5 373 114
25 16 27 10 363 96 22 7 21 5 162 16
37 1 51 0 61 7 35 4 56 11 234 36
22 8 17 4 179 30 61 6 25 6 156 42
26 3 10 6 74 7 47 3 4 19 372 67
17 8 15 11 232 7 15 2 51 5 241 12
29 4 10 22 381 45 40 5 16 17 50 13
50 9 42 24 138 34 42 7 19 3 110 22
25 3 25 10 246 40 57 2 4 6 58 15
30 6 10 20 84 19 37 10 10 24 216 18
23 1 74 1 247 28 20 2 17 18 211 64
22 16 76 17 113 36 41 8 15 23 22 3
87 9 6 9 145 28 87 3 2 23 261 14
17 1 25 1 17 3 37 1 7 19 81 22
43 20 27 9 187 6 54 3 6 4 228 62
17 6 46 25 336 28 31 4 5 9 17 1
17 12 37 13 345 71 17 8 28 8 227 3
24 12 22 14 353 9 56 12 36 14 70 19
39 3 41 26 227 46 72 1 10 0 71 14
36 5 7 10 287 62 27 8 15 13 49 5
21 1 24 1 100 18 32 2 24 2 401 62
69 2 3 12 265 26 41 9 29 15 173 18
41 13 32 5 188 2 15 1 51 11 47 13
39 2 43 10 102 8 75 3 11 8 303 58
23 9 22 9 46 14 20 4 32 3 150 19
27 7 59 5 306 89 28 9 34 14 99 26
16 6 42 9 130 38 28 3 6 2 346 105
71 10 3 13 168 36 22 10 41 4 384 21
24 19 20 12 146 9 30 9 49 6 70 19
25 8 46 12 21 5 32 5 34 9 274 67
48 4 14 13 315 66 26 11 35 4 260 61
30 1 51 1 81 18 69 7 6 20 121 34
39 2 4 5 346 14 19 1 26 5 114 25
35 1 51 0 403 23 27 9 39 24 176 12
23 6 29 8 34 7 17 5 48 6 61 6
26 23 14 12 44 10 60 1 12 15 279 15
23 9 8 7 75 18 36 6 11 8 117 5
56 3 16 16 165 54 17 12 24 9 121 35
