82 2 7 15 42 2 23 1 29 0 387 83
49 2 39 11 75 14 45 14 12 7 39 12
44 1 38 1 299 39 50 4 45 6 314 18
17 3 27 2 186 55 48 13 43 15 62 2
24 2 35 2 149 9 21 19 50 11 343 108
78 2 14 6 39 8 20 7 77 12 215 43
23 6 44 16 184 37 27 1 24 0 137 31
43 5 35 7 147 44 25 7 5 18 119 23
23 4 13 12 339 19 47 2 29 2 123 38
62 7 36 26 402 81 31 1 7 0 61 9
20 3 32 7 140 33 58 17 35 18 353 53
25 9 15 18 86 4 24 3 43 8 177 45
24 2 26 7 81 16 44 7 7 9 264 57
31 8 10 19 140 21 34 12 39 5 90 7
49 5 26 16 36 7 29 9 17 21 63 4
23 13 59 22 191 39 47 2 35 21 189 61
27 7 31 8 29 2 30 1 33 18 367 85
41 11 26 19 359 72 18 8 20 22 96 26
47 21 27 9 34 4 50 1 39 17 68 17
16 14 34 19 156 37 36 22 21 15 135 14
31 4 25 25 404 66 52 2 22 12 330 93
20 3 20 5 202 25 26 1 20 3 70 11
81 3 9 5 246 69 41 21 5 11 353 80
48 6 7 21 303 70 19 8 16 25 310 86
38 3 19 19 108 27 18 3 74 12 340 61
36 4 15 19 254 74 28 5 8 12 152 49
25 11 5 24 14 3 38 3 5 2 279 8
61 2 21 2 217 14 32 1 27 1 42 8
38 7 56 26 43 7 55 7 29 3 85 13
24 1 42 0 120 2 64 17 3 13 32 2
43 9 40 14 11 1 49 16 12 15 161 26
21 19 37 14 337 8 45 6 34 16 312 94
52 9 8 18 271 16 56 11 16 12 225 15
29 6 5 3 186 8 27 10 22 19 18 4
46 17 17 13 165 27 26 1 10 0 143 16
48 11 29 8 345 61 42 2 44 4 271 54
75 2 11 12 151 40 29 4 35 3 199 52
44 3 2 21 270 55 56 1 14 6 124 28
29 3 55 4 49 7 60 6 7 26 200 25
15 11 19 22 334 65 24 14 12 11 36 9
19 2 21 19 203 54 38 1 19 7 330 90
