82 3 15 5 114 9 22 1 31 16 206 35
24 1 34 1 294 21 51 1 29 4 219 23
17 3 24 15 121 29 58 8 12 18 122 16
41 1 31 15 93 3 41 3 30 4 103 15
48 5 11 4 257 70 52 1 13 6 345 54
71 6 24 16 314 54 41 2 9 19 225 55
33 12 18 5 128 21 48 1 13 2 344 95
26 10 10 25 174 16 50 2 14 18 293 76
32 4 66 4 22 1 59 13 7 22 31 8
15 3 50 2 339 99 36 21 22 13 84 8
50 4 37 3 244 50 18 2 13 5 151 37
35 5 26 4 311 56 19 5 26 9 354 48
22 6 28 10 224 48 34 1 18 3 208 37
26 13 20 10 104 29 39 5 10 13 165 45
60 6 13 8 92 23 45 14 23 14 29 2
32 1 3 0 158 9 47 8 6 6 234 59
29 14 25 12 29 6 16 5 18 7 128 35
15 5 51 6 240 37 22 2 22 7 296 35
45 6 12 9 118 11 22 4 56 5 280 89
20 3 14 2 88 18 86 10 5 14 209 26
68 12 30 19 36 6 68 1 13 4 235 67
41 12 23 18 51 14 45 5 7 12 104 29
43 15 9 5 17 3 19 18 16 8 160 48
51 10 16 18 317 10 61 10 34 16 102 15
51 5 13 6 86 18 22 7 15 8 375 46
28 1 52 6 90 4 23 8 20 6 111 35
49 8 26 25 148 45 31 10 36 8 259 62
77 2 19 4 302 28 60 7 9 8 37 1
92 1 6 1 217 36 39 9 2 12 128 41
45 1 10 1 90 23 25 6 5 14 277 25
18 6 19 22 19 2 17 9 76 13 367 36
29 3 17 4 344 38 55 1 7 3 307 88
72 12 27 21 69 2 25 8 47 7 129 38
46 1 6 2 367 46 36 6 3 5 335 15
28 7 43 26 233 54 33 14 43 11 316 12
23 15 49 9 175 55 25 5 13 3 297 82
47 6 33 6 20 4 72 3 6 2 319 91
33 2 14 5 336 12 48 7 8 10 212 30
