29 4 12 3 124 3 30 1 4 8 108 23
46 16 5 19 132 13 17 4 45 8 75 12
63 12 26 16 199 27 28 1 7 1 224 71
33 2 30 8 103 32 52 15 24 20 311 98
31 13 7 23 187 14 17 2 40 16 240 8
40 9 23 6 77 18 31 15 17 18 334 106
50 23 41 14 28 5 23 11 12 8 170 25
20 22 73 6 258 11 17 10 14 22 113 9
37 13 28 9 86 8 17 12 30 7 283 57
26 7 28 26 247 65 18 1 78 0 203 13
15 10 20 4 65 9 37 6 36 9 290 45
40 3 24 4 87 5 40 1 29 3 43 13
15 20 55 16 54 11 63 5 22 23 30 5
17 17 17 10 262 16 40 8 3 13 367 28
19 25 40 7 14 3 35 2 28 17 28 4
30 2 5 6 281 86 23 2 14 18 380 96
25 6 9 5 24 7 47 1 21 6 28 2
32 5 8 8 152 12 15 1 74 5 67 4
62 14 14 14 167 49 43 4 51 4 116 34
89 4 3 17 378 77 39 2 20 5 119 33
20 1 47 0 228 48 40 1 26 19 305 86
45 1 24 0 54 1 64 3 11 13 84 4
30 4 15 6 183 21 51 3 5 4 380 9
31 11 40 12 325 42 43 21 23 6 147 34
31 18 34 8 117 8 17 16 40 12 181 8
45 8 39 25 148 11 58 1 31 0 341 68
55 2 16 2 229 65 56 8 7 4 305 25
31 20 50 6 102 12 28 7 2 7 291 64
46 9 38 4 290 88 45 3 20 13 16 3
27 4 55 15 34 2 18 3 21 11 93 1
78 1 12 13 280 74 46 8 11 23 186 30
29 3 29 11 286 76 45 8 7 12 172 21
21 7 12 7 197 45 71 6 26 3 318 68
28 14 11 16 166 1 39 6 57 8 245 66
53 8 27 7 98 27 69 8 17 4 251 78
34 5 6 16 307 49 66 4 7 4 164 36
53 6 36 16 227 61 27 5 7 20 239 15
18 1 43 7 111 14 29 14 12 19 59 9
40 2 16 25 301 82 65 17 18 15 318 41
