23 55 83 65
54 71 56 71
27 45 75 55
54 48 59 51
79 82 53 85
87 90 97 93
47 61 55 58
82 54 49 69
75 92 93 91
30 97 32 30
55 51 61 62
77 63 44 66
99 96 90 86
17 61 35 86
46 93 50 76
98 92 57 78
41 75 30 63
74 35 17 49
98 61 66 91
25 37 90 34
56 40 61 27
82 100 56 95
77 48 89 75
40 48 88 77
56 62 93 62
74 74 71 59
71 90 76 77
74 72 54 57
93 65 89 90
57 58 38 25
24 93 52 28
89 67 21 49
40 66 50 32
81 65 46 18
67 69 50 45
68 72 62 61
76 50 90 92
34 29 26 35
28 32 49 78
51 39 40 94
60 59 61 51
51 62 54 82
