28 13 7 12 177 31 31 19 10 12 290 22
29 1 43 7 347 65 54 2 31 17 171 23
24 6 8 10 374 7 44 24 10 10 273 12
15 1 20 0 141 15 30 2 7 2 207 20
18 7 14 16 122 30 63 8 10 16 409 32
55 3 43 15 163 6 57 2 13 3 342 7
64 8 26 15 379 108 41 4 27 21 384 72
38 14 40 18 396 55 53 2 9 2 114 34
58 3 2 4 299 39 15 1 16 6 126 10
61 1 20 3 172 32 20 3 30 13 290 91
55 12 35 16 325 61 24 5 13 13 308 79
45 3 34 4 352 66 94 5 3 7 52 8
59 6 33 24 57 13 17 12 61 10 20 1
15 4 19 4 125 30 30 15 31 11 148 19
15 1 51 1 401 131 31 4 3 15 225 50
28 1 19 1 44 3 31 1 27 0 391 68
25 10 10 14 206 46 41 9 6 7 75 22
15 7 29 19 82 10 29 8 44 10 192 56
20 3 14 4 267 70 35 1 12 1 221 57
68 3 10 5 32 6 20 17 22 12 212 17
28 4 14 10 17 3 26 1 19 0 98 7
76 1 15 13 300 28 52 12 30 17 76 21
38 2 6 3 119 2 57 1 11 23 12 3
60 2 16 9 215 20 59 1 18 26 167 48
51 3 36 23 324 89 44 5 55 9 395 47
81 3 12 15 364 65 16 13 22 9 190 33
37 2 7 2 103 31 64 2 21 4 73 1
34 1 21 17 130 39 87 1 7 5 303 68
32 4 10 8 20 2 53 1 5 24 268 88
22 1 53 22 102 3 42 6 31 22 364 96
21 6 71 14 368 94 16 1 35 6 167 28
26 2 4 3 318 34 56 1 20 1 21 5
33 2 4 6 212 69 72 7 13 10 85 22
36 6 26 3 196 48 38 4 49 15 400 112
59 12 23 7 87 8 34 3 4 4 155 8
38 9 7 10 351 38 54 1 16 4 207 50
26 6 21 22 235 72 52 20 2 6 322 20
47 16 28 12 173 40 51 2 35 19 156 8
18 10 24 16 135 30 32 8 16 13 45 14
49 1 43 1 332 104 49 2 13 5 301 49
40 12 52 7 392 100 80 8 8 10 63 15
