15 3 19 21 41 11 62 1 12 2 202 36
37 1 50 13 309 85 33 3 25 8 368 17
20 3 27 17 124 12 27 3 26 8 35 6
49 2 3 2 248 11 47 1 5 18 192 55
15 11 22 11 130 13 94 6 5 3 231 61
53 26 45 7 83 26 48 6 3 5 149 5
16 16 59 5 231 27 43 1 10 5 175 51
51 1 47 4 117 26 73 2 13 11 198 8
43 1 48 2 89 20 26 4 9 5 195 59
29 12 4 18 261 86 28 1 9 8 348 106
21 3 44 26 214 9 36 3 44 14 299 3
35 3 23 8 314 11 64 4 25 12 114 19
24 26 6 7 197 30 71 2 4 19 17 2
18 3 62 4 151 17 54 4 7 8 137 37
39 12 30 9 266 37 31 2 17 13 158 6
35 13 49 22 119 20 44 1 9 2 258 46
26 1 42 2 186 19 48 11 2 19 41 9
22 4 56 4 146 41 16 15 78 21 183 43
50 6 15 23 240 34 24 21 9 6 23 2
34 2 15 8 76 14 66 1 22 0 309 39
53 10 12 17 152 4 36 5 61 24 233 3
44 16 18 5 120 32 49 1 29 2 333 22
30 7 12 26 153 46 31 1 57 0 231 7
17 8 16 7 307 81 25 3 7 10 375 62
41 1 20 1 69 17 60 5 30 12 14 3
39 1 45 0 88 19 15 9 30 10 297 79
47 1 20 6 108 29 51 4 18 16 373 90
25 4 37 12 78 3 26 5 8 3 235 66
72 4 20 5 54 15 52 2 24 5 141 34
17 11 24 17 302 39 24 4 28 4 95 28
16 11 35 10 166 38 75 1 3 1 15 2
76 2 10 2 257 1 26 6 17 13 322 7
78 4 16 12 194 27 59 6 19 10 229 26
35 4 54 6 365 44 52 13 13 12 37 7
48 9 14 10 269 68 50 3 15 2 104 7
35 5 58 8 80 5 32 1 13 0 117 23
26 5 5 6 263 74 45 2 40 7 44 2
37 1 45 4 244 46 68 8 18 19 286 48
