24 20 52 16 109 33 48 6 26 10 152 43
19 6 38 5 91 3 63 1 30 4 56 7
73 2 13 5 113 33 39 13 13 16 32 6
41 1 3 0 45 11 45 5 4 3 51 6
45 8 32 19 49 8 21 2 53 5 14 1
47 1 32 17 22 3 62 11 20 16 128 15
19 9 14 25 82 23 15 10 35 22 46 1
20 4 39 4 26 7 31 4 2 5 101 27
58 1 21 1 167 51 19 5 16 3 20 4
28 2 27 2 95 15 35 15 43 21 161 28
47 4 8 4 101 20 64 1 31 2 90 5
45 3 8 5 63 10 93 16 6 19 33 9
55 16 2 15 164 24 55 9 4 12 142 22
79 25 10 10 129 38 16 22 20 15 143 5
33 18 6 18 114 11 23 3 23 10 35 8
34 4 15 5 140 27 36 2 42 20 64 14
39 2 47 3 22 2 36 12 41 17 116 13
30 7 3 13 44 4 55 6 32 11 27 3
