26 5 24 17 104 24 34 6 3 13 124 33
22 2 38 19 36 11 20 12 27 21 127 29
21 14 10 5 37 5 63 4 8 8 129 1
21 1 30 1 151 15 31 21 23 13 39 4
40 3 8 8 135 8 25 1 33 1 156 31
24 1 23 3 82 7 26 19 7 17 91 4
67 6 13 10 186 22 27 3 34 4 48 8
69 22 18 15 68 15 28 3 20 20 178 53
18 11 15 12 24 5 35 2 3 3 167 12
74 1 10 6 30 6 73 2 12 23 96 27
54 1 30 1 103 12 22 1 50 8 185 16
59 5 2 26 159 3 22 2 24 4 94 5
35 11 22 21 137 31 40 4 8 24 180 24
35 12 3 5 93 13 38 1 3 0 25 1
58 1 28 0 69 10 43 4 27 6 146 43
41 4 2 10 53 12 54 4 28 18 153 2
66 5 14 12 53 15 26 1 38 1 128 36
47 1 48 1 186 49 22 6 39 3 27 1
31 4 47 15 84 3 40 1 5 0 113 34
