50 3 48 6 169 9 66 1 3 0 164 25
24 4 38 18 166 21 76 3 2 15 56 7
75 4 4 4 177 4 53 1 9 1 179 50
44 20 12 13 110 17 49 12 29 16 152 3
25 7 19 5 102 11 60 5 2 19 126 20
88 18 4 10 141 45 33 2 45 18 127 28
17 2 70 22 149 17 18 10 32 24 167 53
27 22 36 9 45 8 27 1 18 22 30 6
31 1 9 1 22 6 83 12 7 24 95 8
26 3 18 9 176 47 39 6 19 10 94 28
63 15 10 20 113 36 71 5 6 8 105 20
45 2 23 23 101 28 72 16 19 15 161 33
46 21 30 13 107 19 25 7 15 7 85 27
28 1 6 2 151 2 40 1 41 1 130 39
86 1 9 1 52 4 15 6 52 6 169 51
34 9 2 4 100 29 54 5 13 25 159 15
27 9 67 15 103 15 21 11 35 8 42 3
68 14 28 12 56 11 18 1 40 0 178 45
