24 10 13 12 69 4 23 16 51 16 131 21
15 2 28 2 108 35 29 1 3 26 153 32
66 10 7 14 75 2 20 2 55 14 168 37
43 3 4 6 92 12 74 3 23 4 79 23
36 9 52 10 109 24 17 2 15 6 10 2
19 14 37 5 57 3 33 1 39 9 125 17
29 2 22 2 14 1 21 4 16 4 23 3
21 5 71 7 20 2 91 15 3 20 38 6
23 11 36 22 22 4 44 7 39 10 165 26
37 16 57 8 33 5 26 5 15 18 24 4
23 9 64 13 48 12 20 5 43 3 81 12
29 13 28 16 54 17 44 8 10 12 71 22
60 13 25 23 131 29 16 1 31 1 73 22
73 2 5 6 131 27 26 13 66 7 33 6
62 5 22 3 11 1 21 2 25 12 125 8
35 8 51 12 175 12 20 11 17 21 34 6
15 16 83 21 179 15 78 6 16 8 41 4
54 7 3 20 97 18 18 7 74 15 94 12
