84 2 5 10 68 1 29 1 4 14 102 11
30 2 66 8 100 15 44 4 33 14 134 6
37 16 26 10 39 5 15 4 54 12 64 17
29 5 3 9 27 6 62 8 12 4 177 46
16 3 36 4 117 9 68 4 8 10 162 28
47 4 41 6 176 37 55 18 30 6 136 18
27 7 9 3 93 26 49 6 47 12 89 3
36 17 24 16 160 39 15 3 16 17 176 56
86 12 4 17 108 4 19 9 13 7 13 2
42 11 34 16 145 29 74 8 6 17 79 25
52 2 37 25 121 29 29 2 35 23 10 1
76 1 21 0 66 5 37 6 33 8 30 5
43 14 3 15 17 3 19 2 20 16 42 11
33 9 10 12 40 5 44 3 7 4 144 6
45 16 31 21 35 9 38 2 61 2 108 27
50 3 22 24 11 1 16 4 47 11 27 6
41 3 54 2 42 12 30 19 64 11 64 3
35 3 46 8 133 7 23 17 66 8 179 39
