25 2 5 8 44 2 37 20 47 16 20 1
19 12 11 10 135 12 50 3 7 5 113 19
21 10 41 21 155 18 22 3 29 9 159 42
46 7 13 9 148 23 35 9 29 20 16 2
24 5 30 20 119 37 33 3 27 8 169 21
20 1 20 3 67 11 75 6 24 5 145 13
57 9 13 4 33 7 29 1 9 0 25 3
16 3 70 17 84 9 15 1 49 7 195 41
23 3 22 6 11 2 36 1 4 20 33 8
70 6 23 10 158 13 56 1 16 3 147 11
29 10 12 19 68 15 64 7 16 8 163 20
21 3 34 2 154 21 23 6 45 14 180 59
17 22 26 13 161 26 48 6 37 16 37 5
48 1 28 16 95 26 44 12 53 5 104 7
66 14 21 11 47 14 27 6 23 10 86 7
47 8 33 16 50 6 41 4 21 17 79 19
29 11 22 22 88 17 47 18 32 6 178 14
66 6 25 6 60 12 42 6 39 3 198 52
78 2 5 8 66 7 23 15 12 20 143 21
64 2 11 12 153 2 38 1 59 1 147 26
