53 7 20 10 29 6 20 24 62 10 184 28
24 3 70 2 121 26 31 4 46 14 168 9
18 19 29 16 24 4 41 15 2 11 128 19
50 4 38 6 139 13 83 4 3 19 174 35
24 4 58 22 113 36 15 11 54 10 111 32
20 3 35 14 153 3 23 1 9 4 75 18
49 4 15 8 105 3 27 2 61 5 32 7
54 5 7 10 191 9 34 3 5 24 188 35
31 1 15 9 175 42 28 5 8 17 155 18
44 13 52 5 52 2 56 20 32 13 125 23
22 5 67 25 65 5 45 6 20 12 18 1
37 3 5 14 62 9 41 3 57 2 83 25
20 13 75 5 209 17 39 5 42 3 75 6
35 2 35 2 50 2 20 1 25 4 100 24
20 3 11 2 31 6 56 3 3 19 15 3
65 2 32 11 175 17 23 7 66 7 68 21
48 6 40 9 49 13 39 1 6 7 74 8
48 7 11 5 31 3 37 5 47 26 140 11
30 1 58 7 56 14 45 17 17 12 101 23
73 9 13 4 189 33 39 6 35 5 92 15
29 2 40 7 137 1 49 14 48 23 88 19
