34 1 28 1 174 48 56 1 10 3 15 2
66 11 17 6 185 14 59 15 7 8 197 9
15 2 64 5 30 9 39 4 3 8 169 53
71 8 3 16 79 2 80 10 3 20 186 20
22 6 12 10 39 6 28 1 9 8 203 28
20 11 14 21 35 8 67 1 23 2 119 20
31 1 9 6 26 1 19 3 16 2 119 18
29 10 7 12 176 12 77 5 7 7 136 24
85 5 9 6 127 3 33 9 64 12 188 2
17 8 72 25 131 24 53 12 17 13 127 17
52 1 3 1 131 1 20 8 27 17 127 14
38 4 8 8 111 6 18 5 14 8 120 1
17 1 16 1 85 7 61 19 31 8 109 9
32 9 47 17 17 3 19 6 21 16 98 24
16 4 69 10 43 5 73 8 26 12 34 8
36 1 22 0 17 3 20 8 26 13 141 26
26 5 12 23 81 16 42 5 20 25 177 3
40 20 2 6 188 14 29 2 12 3 52 5
41 5 27 18 71 21 56 8 25 13 56 8
37 7 36 15 114 1 41 14 50 12 53 9
29 16 9 21 139 20 62 2 4 2 72 14
71 5 4 8 161 35 33 11 34 4 130 18
