69 1 14 0 165 43 38 8 42 19 165 40
53 15 11 17 142 9 30 7 14 3 203 6
31 1 2 25 124 11 51 2 6 25 131 38
21 2 68 2 27 7 59 5 20 8 181 57
58 3 12 2 193 22 30 7 38 13 36 2
36 9 53 7 41 1 23 22 45 6 25 2
28 6 15 5 24 6 25 14 26 18 195 11
39 10 25 13 159 42 34 21 4 15 87 24
73 1 25 1 101 29 82 25 13 10 144 28
30 16 15 12 164 29 18 19 24 12 182 17
23 11 54 19 147 2 38 5 52 8 155 6
27 6 9 3 53 8 34 2 60 12 113 3
34 3 4 7 109 4 61 5 21 23 90 28
52 7 40 16 203 31 89 9 3 4 78 2
75 10 2 12 124 24 64 3 8 17 93 1
29 6 7 25 66 11 72 5 9 13 135 2
27 3 5 24 26 1 82 3 4 14 79 16
39 4 52 8 41 1 31 9 66 25 149 42
40 3 24 6 46 3 47 2 22 4 155 48
78 10 10 25 146 8 25 3 10 16 32 9
40 9 37 4 191 59 45 15 52 9 67 16
