35 1 42 5 173 55 17 19 40 19 39 12
21 3 42 7 46 5 62 1 37 6 167 4
27 3 24 4 171 19 21 1 11 3 141 6
31 10 15 9 141 26 34 4 62 10 33 9
26 8 14 7 43 4 88 1 5 17 148 1
43 14 8 14 164 40 40 12 56 18 43 7
34 8 4 20 63 3 50 9 19 18 150 27
18 4 34 10 59 1 70 4 6 4 60 7
26 14 32 9 120 11 86 1 7 2 58 4
44 6 33 5 139 25 68 8 28 13 66 5
53 1 3 0 22 4 31 2 45 21 122 14
28 4 13 5 98 30 60 1 34 0 159 21
79 1 15 1 170 42 62 1 36 26 44 3
29 10 2 25 26 3 45 10 3 6 169 32
27 3 57 23 68 17 61 1 34 26 130 41
18 13 28 15 144 44 27 1 7 2 170 18
26 11 15 6 156 19 24 2 8 7 104 32
34 23 50 9 139 5 25 3 11 2 123 26
