16 2 24 8 156 46 57 1 39 0 155 29
34 11 26 20 64 16 20 16 23 8 151 27
18 10 25 22 120 9 40 1 22 4 148 43
88 6 5 16 184 43 44 12 28 14 148 32
50 10 15 8 136 4 20 1 12 11 198 35
50 1 21 8 91 26 93 5 3 3 42 10
72 2 23 19 150 1 17 11 24 6 43 9
94 17 2 10 21 3 34 4 14 8 164 36
15 20 71 16 64 17 26 1 22 6 134 27
15 4 18 14 114 29 46 11 20 11 113 16
61 17 7 13 111 27 34 1 55 0 180 27
32 2 17 22 108 24 33 11 48 10 50 4
19 11 56 8 82 21 25 12 45 13 116 25
52 13 32 13 55 15 41 16 42 16 25 6
85 2 11 8 57 3 39 10 39 8 202 12
23 1 7 3 70 10 49 9 50 25 110 3
33 6 22 25 161 41 35 7 44 24 201 49
27 13 71 12 49 12 70 6 3 5 143 45
27 11 5 24 139 32 28 8 60 10 79 23
55 5 19 7 117 14 31 17 3 16 51 11
26 10 16 14 100 10 69 5 29 8 137 44
