39 16 2 13 186 27 55 13 12 5 46 5
62 5 17 20 13 1 50 24 38 12 160 38
21 6 62 5 150 35 35 8 16 10 64 5
58 13 14 7 84 15 28 1 48 2 12 3
41 2 27 5 32 2 89 9 10 13 160 32
16 1 17 3 35 6 65 6 14 19 130 2
38 2 16 19 100 23 58 10 24 8 84 7
55 14 2 15 12 2 25 1 27 1 83 13
15 3 59 6 85 23 66 14 24 14 160 21
76 16 6 12 122 4 70 1 26 20 182 11
42 6 30 26 11 1 34 8 10 6 132 23
68 9 31 7 13 1 27 11 52 17 89 26
36 8 15 6 141 25 30 3 32 6 49 2
17 20 13 11 88 27 75 20 6 13 145 14
42 9 56 4 33 5 62 9 32 12 70 12
34 1 5 0 16 1 57 2 10 12 180 17
57 6 9 5 71 13 46 12 23 20 135 29
40 5 8 3 169 33 33 3 7 20 74 13
18 2 30 15 96 1 74 14 21 16 147 30
