74 1 12 2 30 2 38 3 47 13 192 41
29 12 62 13 56 16 53 19 20 11 78 4
24 5 46 17 147 48 33 1 14 11 28 3
25 8 26 23 59 12 73 1 15 20 66 16
51 2 12 3 169 28 26 2 33 4 34 5
20 9 21 16 156 19 31 5 49 24 77 2
89 24 10 7 61 10 46 22 2 6 111 26
19 1 12 2 86 17 20 1 59 6 161 46
17 5 63 6 98 24 25 2 26 16 112 19
28 3 5 7 180 49 28 4 34 9 86 25
62 4 24 5 183 25 17 4 29 10 52 6
36 1 3 1 152 17 27 1 41 1 108 8
76 4 10 23 42 9 32 7 35 17 124 36
61 3 26 7 177 3 16 2 33 8 14 2
20 3 22 13 203 40 72 4 5 22 193 36
33 14 12 15 20 2 52 3 16 5 69 20
52 15 44 20 88 28 29 5 58 22 115 22
29 3 6 14 82 24 28 11 3 8 15 4
36 1 47 5 63 16 38 5 51 6 102 23
32 3 8 6 138 37 16 5 65 4 176 55
20 13 20 5 148 47 52 17 45 12 65 2
