20 7 17 9 84 12 29 18 18 10 105 16
29 1 5 0 196 38 61 1 23 1 105 11
39 2 43 18 46 3 31 6 27 5 23 1
47 2 39 24 14 3 17 10 81 9 125 38
63 1 35 18 125 15 21 3 14 8 127 11
21 13 20 7 170 10 45 6 38 9 181 54
29 7 52 16 178 19 18 1 14 2 51 16
17 2 71 3 52 3 85 6 11 13 126 24
48 10 30 18 67 16 28 2 18 12 11 2
15 12 30 21 80 14 20 1 12 1 28 6
23 1 50 0 142 42 36 12 5 13 64 18
19 12 73 18 57 10 34 2 45 3 101 7
20 6 77 8 79 15 36 1 30 0 161 43
27 6 18 12 103 9 17 12 19 18 136 38
58 19 32 14 112 8 73 11 24 4 164 1
27 10 41 12 20 5 57 2 11 19 106 23
28 5 20 4 41 6 31 23 32 9 92 23
50 6 38 3 167 31 42 1 2 1 191 2
30 5 23 21 69 16 21 1 11 4 139 36
50 7 4 16 70 12 26 2 25 4 43 6
