72 1 23 7 61 18 34 12 43 7 26 7
57 1 35 7 94 15 24 24 7 7 16 3
21 16 19 13 101 2 27 16 5 5 133 13
31 4 6 13 187 25 17 11 21 16 149 29
23 13 37 22 167 44 52 2 43 7 51 9
42 1 40 3 159 30 33 23 30 12 178 20
49 9 31 22 141 8 35 11 21 10 69 22
59 1 35 1 44 11 23 4 54 20 177 22
26 1 7 6 83 10 67 1 19 1 81 22
28 2 55 6 44 10 22 6 43 24 85 10
15 9 25 4 175 15 18 2 12 25 177 25
38 2 5 6 188 43 17 3 58 21 76 2
24 16 6 15 124 14 23 1 27 5 166 27
32 15 17 22 68 10 24 19 23 17 16 1
39 26 21 7 77 22 16 8 20 8 127 3
15 7 24 24 39 3 27 1 60 0 127 10
53 5 20 3 166 11 28 15 52 16 14 3
24 6 8 23 59 4 28 10 7 11 28 4
41 16 34 21 159 16 17 4 55 26 147 9
28 2 35 2 117 25 34 11 5 4 120 8
