78 15 12 13 170 18 75 5 7 8 193 49
25 4 31 8 192 39 17 23 70 9 69 14
30 2 38 3 33 8 27 4 65 9 47 5
32 1 37 3 19 5 22 7 44 9 80 3
57 15 4 16 167 25 23 11 23 23 49 9
17 3 51 2 155 24 71 17 4 5 31 3
58 3 41 14 50 11 31 3 11 17 103 19
37 17 22 13 82 5 36 10 12 20 192 41
21 13 30 18 71 1 75 8 14 15 160 23
49 18 12 17 67 2 26 1 21 6 125 8
18 16 25 15 106 16 37 6 53 12 120 23
78 1 16 12 11 2 29 5 4 8 14 1
48 7 6 5 161 29 38 11 11 11 101 16
70 2 17 7 125 34 19 2 20 21 137 29
56 6 28 3 142 23 32 18 18 15 59 17
95 5 4 7 72 8 48 21 51 16 106 8
34 11 13 17 185 56 44 3 7 26 184 51
60 1 16 1 176 57 43 1 27 0 70 4
57 2 36 16 22 2 21 18 14 12 95 24
20 4 71 5 189 56 54 2 34 7 37 10
