20 7 19 16 196 40 40 2 4 6 87 6
70 4 7 5 137 25 55 3 8 8 120 8
83 4 3 3 79 15 15 12 25 17 77 1
53 11 2 8 105 31 64 11 33 4 55 6
35 7 31 16 94 3 27 1 59 2 156 3
29 3 7 2 122 9 36 11 53 17 49 9
29 5 54 3 106 34 74 5 4 10 176 42
49 7 21 8 60 2 22 2 12 2 45 9
19 1 53 3 197 22 33 1 65 1 159 50
23 1 42 0 80 4 21 5 13 10 147 35
18 5 23 3 119 8 63 23 8 14 37 2
25 8 36 4 103 9 20 6 13 8 143 39
84 1 9 0 142 23 68 1 16 1 105 26
61 17 26 16 185 60 24 1 33 0 89 23
17 1 16 0 27 2 39 2 4 19 21 3
73 1 8 25 26 4 46 3 4 2 22 2
80 1 9 6 155 45 24 2 7 4 157 48
16 3 43 4 125 4 16 21 60 6 93 2
17 7 68 18 53 12 28 1 6 1 33 4
53 1 22 5 173 43 34 7 15 9 18 3
24 4 25 14 201 42 33 7 17 5 107 34
