27 2 7 11 48 4 28 1 18 0 178 30
21 1 73 20 32 8 90 3 7 8 153 46
33 8 6 4 107 24 32 7 19 7 137 13
30 6 28 5 105 34 36 3 5 2 85 16
29 1 6 3 154 8 30 8 69 12 157 46
34 5 56 12 201 66 49 9 4 24 169 43
17 7 57 25 22 2 52 9 23 20 80 12
44 14 34 19 197 28 19 1 46 22 171 53
15 2 59 6 125 13 39 17 38 20 15 1
57 6 27 6 194 21 40 8 41 11 92 5
24 1 10 5 100 1 26 5 20 4 30 6
20 2 17 5 46 5 25 1 10 26 41 4
22 2 22 22 105 31 38 14 47 23 170 26
21 1 27 1 36 10 48 2 14 2 202 33
26 8 21 19 98 21 21 8 19 11 102 29
34 7 61 5 172 8 22 10 46 20 136 41
31 5 62 4 202 41 19 3 50 25 61 18
72 13 3 10 175 41 32 6 66 25 66 17
30 4 15 4 178 35 45 9 28 6 175 19
71 5 26 3 117 17 29 4 26 5 53 9
18 10 31 4 24 5 15 3 30 20 67 2
