15 11 15 16 82 5 17 3 33 26 165 24
48 7 6 9 41 10 56 9 4 23 45 5
25 3 49 8 73 5 19 14 24 21 186 44
55 14 15 20 132 39 25 4 26 24 21 4
36 3 6 2 142 20 28 7 5 7 128 18
20 1 63 10 75 7 18 10 62 4 34 5
66 8 13 17 175 18 21 16 32 5 113 30
46 5 32 17 47 4 23 1 49 1 32 7
28 12 32 5 153 47 38 19 6 8 87 28
46 6 45 16 162 46 21 11 61 21 177 27
19 2 30 7 90 10 19 3 13 21 92 28
28 9 31 16 97 19 86 19 3 6 180 32
26 4 16 20 45 7 46 13 26 22 144 37
22 7 8 14 53 6 62 4 37 6 110 4
29 8 70 15 113 28 24 5 18 9 45 11
61 5 13 23 82 4 20 2 13 15 180 30
40 5 14 20 43 11 27 16 17 17 101 6
33 2 3 10 136 33 18 2 18 2 13 2
27 5 3 19 50 15 75 14 4 18 40 6
