22 11 32 12 33 3 54 7 38 10 154 32
46 3 6 6 174 23 39 2 11 12 57 16
16 10 19 22 67 18 24 3 10 11 131 42
58 22 8 13 13 3 38 4 39 9 68 15
18 1 12 3 133 10 19 1 28 5 136 37
22 1 28 18 95 21 59 3 13 4 143 46
23 6 29 5 94 7 29 2 17 4 107 33
15 12 67 7 68 16 51 12 9 5 43 4
44 14 34 15 31 1 30 8 9 6 165 4
29 18 15 17 160 51 15 3 47 9 178 46
29 11 65 10 132 33 54 1 7 11 116 30
19 13 17 15 113 18 20 2 19 24 107 31
23 12 24 7 146 11 43 5 15 4 21 4
35 5 62 26 54 2 19 7 39 12 31 4
62 20 7 18 183 29 32 8 9 7 23 5
53 7 10 18 117 18 39 16 33 21 106 2
47 2 36 3 155 26 20 1 31 1 116 20
26 2 71 6 74 5 48 6 19 6 93 15
40 16 34 5 184 16 53 8 16 20 11 2
