62 14 22 7 177 33 47 2 5 2 126 10
28 1 59 12 80 6 46 6 16 3 19 3
26 4 29 6 127 39 30 3 11 23 58 18
19 1 14 1 78 19 57 7 29 9 74 15
51 9 3 4 151 1 21 6 52 10 35 7
50 3 33 25 64 7 87 10 6 19 100 20
45 9 44 17 30 5 29 1 23 5 141 29
70 6 18 3 82 20 27 3 65 8 19 2
37 10 25 12 87 3 69 18 2 15 55 7
29 9 61 15 136 3 24 17 6 20 163 32
42 1 3 1 94 23 23 3 52 11 79 20
55 2 32 12 152 5 51 4 16 4 10 2
25 6 70 19 110 9 69 12 24 5 60 5
27 24 4 10 51 8 38 4 28 6 65 13
20 8 38 13 44 7 77 1 18 0 140 16
38 1 19 0 32 7 28 6 38 11 48 12
67 12 3 13 180 52 15 7 73 3 139 7
45 2 4 12 83 21 62 1 36 10 144 2
42 2 27 16 95 6 24 16 35 8 75 23
55 10 19 19 119 36 24 9 32 6 192 34
