56 13 29 20 152 9 39 8 27 8 128 6
46 7 47 15 188 55 27 15 31 17 15 3
44 10 2 17 113 6 57 1 10 1 67 17
46 3 14 8 19 4 59 2 39 19 170 8
15 5 28 7 80 5 53 2 9 3 185 5
64 5 26 15 124 33 32 3 29 2 58 2
23 22 15 6 11 1 46 4 24 18 32 1
31 1 5 0 180 20 28 7 65 10 93 23
35 10 50 6 61 9 21 1 21 18 196 57
30 6 17 3 112 18 25 11 28 20 140 12
32 1 13 0 31 3 16 3 34 7 123 8
32 4 17 14 30 7 63 12 25 17 129 8
72 1 7 14 104 2 35 15 7 8 19 4
18 22 45 13 130 33 39 2 18 19 148 37
29 11 11 15 165 25 39 1 51 12 184 58
19 6 22 6 126 1 41 3 24 2 148 18
30 3 27 16 131 8 24 10 24 25 64 12
28 18 8 6 75 13 74 3 4 17 108 34
22 12 11 14 46 8 16 8 59 8 153 3
46 7 3 12 133 33 35 12 31 10 85 1
