33 4 37 6 93 3 49 12 29 16 168 28
43 10 31 4 127 34 82 1 9 18 164 46
17 1 24 13 109 24 54 2 16 2 140 7
15 7 79 5 147 12 50 13 17 17 135 1
21 4 17 20 47 11 33 2 58 25 100 31
23 1 39 5 171 56 21 14 19 19 179 22
57 10 36 16 116 24 34 10 59 8 100 10
42 12 39 16 38 7 16 3 33 5 130 21
17 4 17 22 92 2 40 9 35 16 59 4
31 9 38 10 43 7 19 1 73 0 52 8
18 14 23 16 115 33 16 2 70 10 67 3
32 1 29 8 83 1 49 6 12 6 111 8
81 9 4 12 61 18 33 20 4 6 63 18
15 10 64 21 112 35 59 1 39 5 161 33
42 1 51 9 10 2 62 8 9 4 24 6
73 1 13 2 92 15 19 9 16 4 114 37
22 10 73 18 62 1 16 1 80 1 131 26
19 1 18 0 119 23 54 6 27 5 105 13
46 1 39 5 108 31 24 9 26 21 102 17
