23 16 19 13 90 20 35 12 7 14 205 6
56 3 7 14 100 18 40 21 15 11 202 2
26 4 47 9 123 16 59 10 24 8 186 10
22 1 23 4 195 48 69 2 12 3 151 40
61 2 23 26 159 22 34 4 62 22 41 10
25 6 48 18 53 6 44 7 51 3 44 1
42 1 57 1 101 13 20 1 66 1 55 15
28 18 57 17 132 21 19 1 31 1 204 48
21 9 66 9 47 1 22 13 50 22 186 49
23 7 69 5 155 42 53 1 24 8 76 8
82 7 8 20 95 30 20 9 33 6 72 12
54 6 44 5 191 62 33 18 51 18 38 11
42 1 50 10 118 24 27 3 54 15 164 42
34 4 13 9 50 14 71 13 2 12 95 12
24 14 13 16 140 26 21 16 55 20 103 22
44 10 36 17 198 31 46 1 17 2 165 26
23 4 76 17 104 6 41 1 26 2 34 6
19 7 11 26 119 9 38 10 7 13 80 14
76 3 16 2 82 4 26 5 8 20 65 16
31 4 48 8 45 12 30 1 53 0 171 45
18 20 56 16 123 17 26 2 21 6 166 39
34 8 17 21 25 3 40 18 15 14 132 20
