25 4 42 3 129 20 25 2 24 3 71 1
33 11 18 17 81 14 63 14 29 5 115 7
44 1 18 1 44 10 29 5 14 10 41 9
59 6 36 11 161 48 17 1 14 2 135 22
16 9 59 7 18 2 21 12 14 23 101 15
24 15 23 11 22 6 21 15 11 14 154 49
34 1 13 6 30 4 44 11 7 11 118 2
65 4 17 4 125 39 27 13 23 12 188 42
23 2 45 11 106 10 54 4 2 15 167 28
60 16 28 13 169 54 31 1 26 13 116 20
35 5 7 10 131 1 58 13 3 13 126 4
65 3 10 4 61 16 36 15 12 18 41 8
25 8 11 17 113 34 40 3 8 2 198 14
47 1 5 0 190 49 68 10 24 16 92 24
33 18 18 8 67 19 64 10 16 8 77 13
33 1 18 1 164 44 16 9 55 7 101 25
22 4 52 5 145 13 29 7 4 10 12 3
41 4 9 19 118 21 20 5 50 3 140 14
46 1 50 6 111 34 46 11 13 4 170 20
43 4 29 4 69 22 31 9 66 17 175 50
