16 1 28 0 103 14 38 5 25 17 13 1
70 3 23 24 17 1 17 17 27 5 97 29
76 25 13 7 43 3 84 1 6 8 131 12
27 6 4 8 55 11 45 1 43 1 128 29
31 14 6 5 162 47 26 7 55 5 14 1
34 10 8 16 132 37 21 11 13 16 102 9
54 8 36 8 74 20 62 2 24 5 58 8
15 1 20 19 150 19 26 10 28 14 163 10
62 2 15 8 64 7 15 1 77 3 26 1
60 3 38 15 98 29 19 1 44 1 161 18
31 4 17 20 108 10 15 3 71 20 93 16
30 2 3 5 108 20 54 7 36 13 200 31
32 3 19 4 201 56 20 19 15 14 136 30
47 1 47 1 134 40 33 7 49 9 195 61
56 3 7 9 195 40 74 13 20 20 100 4
50 2 13 2 89 11 15 4 66 20 28 3
42 17 45 20 206 8 18 3 19 25 188 16
25 7 25 9 79 19 50 2 18 11 101 16
91 9 5 12 180 49 26 5 45 3 126 23
24 6 23 5 23 1 93 5 6 21 219 46
60 2 33 4 19 3 25 4 6 3 115 8
79 9 19 9 205 48 16 9 36 18 153 32
