69 17 5 16 44 3 84 1 6 1 96 29
20 3 28 7 82 18 15 6 28 15 189 26
67 13 11 13 152 18 34 1 47 5 60 10
37 2 18 4 18 5 28 1 7 18 36 8
24 2 69 2 105 21 50 3 40 19 184 59
33 2 35 4 157 44 58 3 41 7 11 1
19 1 59 1 96 22 38 16 32 16 33 3
68 2 29 2 124 2 44 6 2 9 163 33
19 15 41 9 20 2 54 10 30 6 207 12
35 4 35 4 42 4 34 11 42 19 41 12
58 11 14 19 209 67 28 10 15 16 37 6
50 11 19 10 165 43 62 2 23 10 57 3
77 3 19 15 181 43 69 17 14 5 35 4
40 13 35 10 152 47 27 6 18 6 10 1
22 4 17 12 92 10 32 1 21 0 74 5
26 1 37 0 212 64 62 6 8 5 67 3
35 2 17 7 185 21 20 7 64 10 100 27
28 8 58 13 123 38 15 7 37 5 103 13
31 8 43 16 85 11 25 5 13 18 95 20
33 1 58 18 187 37 80 1 17 9 34 5
69 5 15 13 160 11 19 13 26 13 93 7
41 3 47 4 25 1 63 8 5 18 14 3
