31 1 29 1 196 52 22 1 18 6 100 9
22 3 26 13 133 26 34 1 12 17 148 47
22 4 36 5 157 15 42 5 26 8 196 26
30 15 69 13 138 39 15 3 37 4 178 10
51 3 7 9 167 16 16 4 17 10 129 12
37 4 10 13 63 14 25 3 49 4 98 23
47 6 13 14 164 4 32 1 10 4 194 57
31 2 20 10 101 27 35 2 37 15 211 49
64 19 24 6 201 42 22 8 10 7 181 28
18 3 81 4 198 46 27 10 72 8 117 17
29 10 63 13 31 2 15 3 29 14 194 10
36 1 14 8 151 46 24 7 14 8 172 23
86 16 8 8 19 3 21 1 68 3 219 28
23 5 25 9 75 14 27 9 17 7 14 1
18 7 42 12 166 27 49 4 22 14 165 11
54 4 4 12 89 24 27 1 55 1 135 1
83 4 12 4 203 21 28 13 4 17 196 3
61 6 8 5 105 5 55 15 27 20 107 29
27 12 15 24 123 1 22 18 33 15 189 62
63 5 26 4 36 1 59 11 21 21 70 21
21 20 43 9 147 19 83 13 10 12 110 14
20 1 42 24 132 32 19 3 29 9 170 52
