91 3 7 2 18 1 60 1 3 1 169 19
16 15 23 8 64 16 18 3 24 10 43 12
43 3 46 2 112 32 26 18 25 17 38 4
21 21 21 13 10 1 36 15 60 13 97 7
71 6 3 20 73 23 38 3 3 2 149 2
28 1 15 0 169 43 37 1 13 0 12 2
20 10 29 9 136 8 20 5 10 17 58 15
44 5 15 16 146 17 29 9 67 10 72 18
28 17 14 5 141 30 58 5 10 3 60 8
38 1 44 4 159 45 18 2 76 8 108 10
37 4 7 25 148 8 44 1 12 2 154 20
34 1 32 7 42 6 39 1 22 2 87 12
29 6 59 22 163 6 50 9 49 13 21 5
44 26 19 7 164 3 25 5 6 6 138 7
45 15 11 8 18 1 20 9 23 10 176 42
69 9 8 12 177 24 51 10 40 4 35 9
19 16 21 17 154 29 24 12 13 10 27 2
36 7 2 26 49 6 15 19 22 16 142 34
