16 9 48 17 41 12 29 17 7 5 45 8
18 4 14 18 72 13 50 9 5 15 18 2
46 10 4 14 24 2 30 1 58 0 84 1
21 1 15 12 78 1 89 6 9 13 119 16
67 4 9 3 95 8 16 8 81 22 147 21
15 11 20 4 180 34 60 13 11 18 176 36
26 6 36 21 32 9 47 16 14 16 163 42
19 2 38 19 135 35 66 1 17 4 121 3
33 2 48 21 61 1 43 4 6 15 168 29
85 12 4 13 185 50 29 9 33 15 104 8
20 12 33 7 16 2 68 1 18 1 122 28
18 6 55 13 53 15 37 2 37 2 172 15
30 1 2 0 148 31 16 5 81 4 107 23
30 2 28 2 180 45 16 2 15 5 30 3
29 13 39 12 10 1 33 1 14 4 93 2
51 4 44 3 82 17 25 11 44 23 40 8
61 3 23 4 174 40 27 2 13 3 188 26
16 2 21 7 11 2 54 2 38 25 50 3
17 13 13 15 56 16 17 2 64 2 87 10
36 9 15 14 81 23 29 7 8 20 121 35
