76 2 3 3 19 1 19 5 24 9 164 51
17 18 36 15 139 44 16 19 75 16 199 28
22 8 44 25 81 6 47 3 24 5 114 13
33 1 38 11 185 29 23 3 74 10 154 22
33 5 9 8 16 1 22 5 42 7 151 34
29 1 16 1 202 5 42 17 4 5 89 26
25 2 45 8 114 4 25 14 33 14 135 20
68 6 29 3 56 9 74 8 25 7 203 48
23 8 47 15 39 1 69 3 23 19 103 9
82 3 2 14 182 15 27 1 32 3 29 6
69 5 13 7 129 23 28 2 44 8 121 22
37 3 2 23 10 2 15 3 72 2 45 13
49 10 22 25 13 1 39 8 15 6 21 2
52 1 13 0 48 11 25 5 7 3 155 47
20 1 67 14 106 15 34 2 3 13 80 17
53 21 26 13 162 14 34 4 23 4 148 26
15 5 50 3 102 7 33 1 10 1 45 7
50 2 10 7 177 5 66 11 17 12 46 11
20 19 78 8 143 13 30 2 30 13 152 31
24 8 6 10 151 48 30 3 4 2 158 38
61 3 20 4 24 7 25 2 21 10 22 2
62 18 30 10 181 55 24 5 56 6 88 26
