21 2 46 11 12 3 19 1 68 1 123 7
18 2 25 6 71 10 67 3 6 17 168 43
36 1 46 1 19 2 32 21 9 15 101 16
75 1 5 3 128 41 55 5 25 22 91 21
42 15 11 13 38 9 27 7 50 16 26 5
39 12 18 23 60 6 25 2 18 13 165 35
32 23 28 14 130 33 58 17 25 15 19 1
59 8 3 11 91 19 52 1 21 1 124 35
22 3 16 13 184 22 25 4 65 4 112 25
58 6 4 13 59 12 32 3 7 12 92 10
39 10 9 4 49 5 45 7 13 10 34 2
58 1 2 10 114 29 65 6 5 25 54 15
20 9 42 21 137 28 18 8 12 21 197 48
30 13 7 16 171 37 19 1 40 7 148 30
30 6 67 19 76 7 69 13 13 23 104 6
29 5 38 8 97 12 49 16 29 12 197 35
23 14 31 11 108 12 38 13 41 13 182 47
95 5 3 23 149 16 55 5 16 26 10 2
16 11 21 24 78 4 40 9 12 18 81 20
25 22 32 6 118 12 24 1 51 0 74 18
16 2 22 4 93 12 38 14 56 9 165 25
