68 3 12 5 57 13 44 8 29 23 192 59
41 17 5 20 92 18 32 2 19 6 37 4
23 11 30 10 164 24 46 3 51 2 48 12
28 22 43 11 45 10 30 4 30 23 11 2
33 3 24 2 14 2 16 2 35 11 171 51
50 10 8 22 13 1 55 7 3 12 74 18
47 1 6 0 38 9 54 2 42 6 80 24
17 1 73 10 119 1 30 7 3 18 156 7
78 1 9 1 110 14 53 1 7 0 193 54
15 10 76 4 184 11 27 6 59 8 126 39
16 24 42 7 41 1 18 9 12 6 107 33
38 5 20 24 37 4 21 11 11 20 17 1
58 20 40 16 84 8 42 1 13 2 92 26
39 11 27 6 25 5 67 7 19 5 113 32
32 2 5 3 109 17 39 1 3 1 130 20
17 9 21 10 18 4 21 10 46 18 46 12
19 1 21 12 113 1 34 3 9 7 176 9
29 1 15 23 75 14 27 19 5 11 97 10
27 5 3 10 79 14 17 16 29 15 99 29
62 1 16 2 95 2 29 2 7 5 158 48
