34 5 18 6 98 14 23 1 30 0 86 5
85 8 2 10 79 20 24 5 59 17 58 5
49 8 4 4 182 45 18 10 13 21 104 22
22 3 30 5 161 50 32 20 61 11 203 8
15 3 19 19 39 5 24 12 22 5 191 4
40 10 25 20 60 17 16 19 19 14 186 26
51 23 48 12 195 2 26 2 19 24 107 24
52 13 42 12 162 33 37 9 56 4 172 8
46 5 35 15 13 3 56 14 17 7 40 9
77 8 21 24 143 7 51 8 11 6 180 44
42 10 3 13 153 39 80 1 8 3 89 5
40 9 34 23 116 32 16 17 20 12 104 20
39 5 39 9 39 4 37 8 10 8 169 28
30 3 60 4 144 47 15 8 36 25 43 8
24 1 25 6 40 11 21 15 18 17 176 19
16 1 14 1 24 7 29 19 15 11 47 1
29 1 6 26 67 15 66 12 24 9 189 2
24 2 38 2 137 44 19 20 63 16 157 24
64 4 11 11 156 30 27 1 32 4 49 11
52 1 8 0 120 37 30 7 8 14 186 54
39 16 23 19 182 14 35 1 61 1 105 14
