41 3 30 4 98 23 35 8 39 8 45 12
58 4 4 10 40 1 17 1 25 6 173 40
50 11 31 20 13 1 29 4 14 12 144 39
58 1 12 1 175 31 15 4 40 14 104 12
24 5 6 9 23 4 22 25 32 10 125 29
45 11 13 12 172 41 71 1 6 12 55 1
17 4 23 19 68 6 67 14 15 16 49 15
20 11 24 19 188 53 34 6 5 21 11 1
25 6 37 14 120 10 29 7 61 21 145 26
25 7 18 3 128 7 38 5 12 24 137 18
27 17 61 15 130 19 55 3 42 13 48 13
19 6 23 18 141 37 42 10 3 16 67 3
61 7 36 20 16 3 37 5 15 16 105 28
26 3 26 9 78 13 28 15 22 13 26 2
46 4 28 16 39 1 71 1 9 2 156 2
69 13 20 9 154 40 42 5 2 19 195 2
22 5 8 13 31 3 56 11 13 14 155 10
66 2 7 9 183 21 45 1 29 17 34 3
22 15 8 18 182 17 50 6 4 11 83 14
24 2 11 5 167 1 50 8 30 18 193 24
26 9 58 15 65 8 25 6 51 21 93 2
