75 12 23 19 197 14 41 8 23 10 19 1
60 1 29 0 196 28 24 10 12 12 186 36
68 14 16 12 62 14 45 3 24 15 16 4
62 5 12 9 167 12 19 10 32 24 56 14
28 3 13 2 188 47 50 12 11 16 180 18
44 1 36 4 150 10 23 5 75 19 88 15
43 6 4 3 113 14 49 14 14 21 18 5
17 1 31 5 149 15 33 1 28 2 81 25
19 18 44 14 151 10 30 4 2 8 68 7
75 18 19 6 25 6 30 1 3 8 81 2
24 1 50 0 43 1 70 11 6 11 54 3
41 14 21 5 142 13 60 6 8 10 88 22
26 3 18 7 159 28 26 8 8 16 173 52
48 3 36 8 81 26 95 1 2 3 101 24
35 11 5 20 22 4 15 7 27 5 68 18
33 5 45 4 21 3 80 17 8 8 76 4
68 1 4 1 21 3 25 10 20 4 107 14
45 5 14 17 66 8 41 2 43 4 172 30
32 1 52 12 194 35 22 5 31 12 58 15
41 1 39 3 54 14 35 1 43 6 76 1
