48 1 17 11 112 3 23 4 34 12 197 38
53 4 35 6 204 18 58 12 21 10 87 3
29 2 55 3 39 9 34 1 35 2 183 15
37 1 62 3 73 18 25 3 33 6 98 6
44 9 26 24 198 10 50 6 24 10 122 11
41 22 17 9 34 5 32 4 21 10 59 18
35 7 40 18 205 61 22 10 16 13 204 13
18 5 22 4 59 12 38 1 53 2 90 6
53 5 37 6 148 42 45 2 9 18 84 2
17 1 26 5 197 31 35 8 28 16 86 27
26 3 5 11 30 1 16 3 50 21 206 29
19 1 29 2 31 5 54 2 25 24 95 9
44 1 6 1 16 2 27 3 36 16 166 23
52 1 3 9 81 23 34 3 3 23 25 5
28 14 9 18 121 4 15 10 24 16 145 34
23 2 15 2 55 16 29 7 17 8 77 4
68 12 2 10 90 14 17 11 32 14 58 12
56 6 9 5 53 9 51 8 26 8 129 33
17 7 40 5 209 12 33 22 64 13 101 7
31 8 9 4 95 17 36 4 5 12 101 3
18 13 73 13 38 6 20 5 40 25 155 15
17 10 78 22 79 10 26 12 11 13 74 9
