94 3 2 18 103 26 16 13 35 22 190 13
46 26 13 7 148 34 48 8 42 22 179 47
46 19 18 8 110 2 82 8 4 15 170 47
68 11 17 10 134 29 36 4 25 14 180 39
65 2 27 5 28 5 45 3 15 5 50 15
27 8 15 11 175 42 33 5 32 21 139 17
53 21 20 9 118 1 26 13 6 18 156 48
71 4 7 4 47 3 74 2 4 26 92 18
90 10 9 24 197 45 42 2 8 2 167 28
21 1 10 15 99 13 62 5 28 4 103 29
29 21 29 15 29 2 55 1 3 7 22 6
54 2 31 7 74 22 31 6 29 5 59 2
34 3 3 14 34 7 38 17 59 12 179 9
33 15 10 22 48 4 19 3 18 4 87 1
59 15 19 5 134 24 46 4 17 6 118 12
42 1 57 13 93 11 34 8 3 4 155 16
40 1 53 1 140 25 76 9 18 12 30 8
45 7 28 9 139 38 34 6 26 14 139 37
20 14 12 9 170 49 21 16 31 5 97 20
25 19 47 11 131 16 34 14 14 15 192 13
