19 22 17 13 83 7 16 1 39 0 57 11
26 1 24 0 96 19 20 1 15 3 63 6
32 1 15 26 89 9 24 8 39 6 165 15
46 2 31 7 140 25 39 3 16 8 32 3
19 1 18 24 32 8 69 20 8 15 158 3
16 1 14 2 149 2 18 2 27 6 145 40
63 7 3 15 164 48 22 6 56 9 177 44
41 8 4 4 67 11 38 4 18 9 51 15
46 6 27 10 16 3 36 8 23 4 104 29
48 4 26 26 151 23 76 2 10 9 157 37
21 10 11 6 25 2 19 8 59 11 74 9
75 7 2 8 109 27 48 3 22 10 80 3
15 4 25 5 163 23 59 1 21 2 19 1
15 14 42 18 131 22 20 12 11 14 71 14
15 17 51 5 69 20 28 11 5 4 123 30
17 4 21 6 95 29 41 3 44 2 70 1
16 5 48 3 91 23 37 8 54 13 20 5
35 7 7 20 149 48 23 9 12 23 104 5
