70 20 7 6 91 14 19 3 12 21 101 15
91 11 3 16 66 8 45 17 32 13 187 24
19 1 61 0 200 31 30 7 3 9 199 64
19 1 20 5 120 23 62 1 34 2 57 8
37 2 11 3 186 6 25 7 30 3 170 45
47 2 14 6 198 33 21 18 13 15 65 17
16 10 52 4 44 6 19 6 30 21 166 10
25 6 13 16 196 62 24 3 63 4 118 14
16 5 18 7 199 64 34 13 34 13 146 29
75 16 5 19 199 59 30 3 64 8 55 2
22 1 30 16 33 8 15 16 27 20 59 17
18 1 50 3 70 14 42 3 20 8 55 7
18 4 14 23 19 3 21 7 10 19 213 5
25 3 38 5 127 20 25 3 9 26 79 16
21 13 23 15 174 34 44 4 6 14 187 17
19 2 29 13 196 12 23 4 21 8 12 2
49 12 31 23 55 16 16 2 29 10 128 15
15 17 68 20 99 28 53 9 11 10 192 40
58 4 29 4 104 3 73 10 14 8 206 18
15 3 53 8 164 13 29 4 36 3 112 28
16 6 22 6 54 8 40 12 50 13 141 28
30 8 4 10 135 2 15 15 28 9 49 15
