38 7 11 15 154 26 31 7 10 10 102 23
31 9 42 22 138 6 18 7 15 19 77 6
26 1 17 1 25 1 25 3 56 8 110 10
20 1 32 0 20 3 38 8 29 8 156 21
16 2 53 26 38 6 27 5 29 25 168 48
26 2 54 7 139 35 31 2 19 2 23 3
34 6 3 8 174 24 17 2 13 7 112 8
37 4 31 6 10 2 29 24 2 10 19 1
93 7 6 24 45 13 72 1 2 1 182 40
79 1 14 13 185 1 54 1 36 0 55 5
50 18 17 14 128 35 47 1 5 2 72 8
22 2 14 19 132 26 27 5 3 3 35 8
67 6 15 3 16 2 34 20 50 18 66 18
17 21 73 16 44 13 19 5 47 3 136 19
24 9 75 20 27 6 43 4 34 6 164 51
17 4 18 13 178 20 68 2 18 22 149 7
26 4 8 3 22 3 18 1 15 4 106 15
45 2 3 6 16 4 40 1 22 2 182 28
28 3 50 17 126 23 24 3 17 16 146 39
