43 3 3 26 101 20 27 7 26 14 12 1
28 13 4 12 143 9 15 6 77 11 152 40
69 17 4 12 156 14 91 1 3 3 31 9
28 2 23 17 74 4 25 3 38 4 57 12
15 2 46 7 132 21 20 4 41 21 27 7
42 4 12 10 67 17 20 21 19 13 112 22
21 4 52 10 33 8 23 1 17 16 12 2
23 12 48 13 31 1 47 4 3 8 150 18
15 11 30 4 22 4 42 7 33 21 170 9
41 4 31 22 49 12 60 1 25 4 178 30
40 2 15 17 167 52 24 1 19 1 112 1
34 2 4 7 68 21 27 14 22 20 20 3
52 3 16 16 139 12 37 2 16 6 172 46
90 17 9 13 36 10 37 2 60 2 118 23
18 17 24 12 178 33 45 15 32 11 161 7
18 6 50 26 92 13 35 4 19 11 147 26
39 1 28 0 164 49 48 7 12 3 161 11
23 4 64 13 87 15 16 6 17 6 68 21
