44 4 14 10 97 18 33 10 19 18 46 5
19 1 45 12 106 24 20 2 13 5 26 2
21 4 9 23 171 22 45 21 6 15 166 46
31 1 35 5 111 31 19 1 67 1 153 5
37 11 30 14 185 5 63 7 31 21 62 2
91 9 6 10 149 30 20 24 29 12 133 5
25 2 54 5 107 28 85 20 10 6 78 11
34 3 39 13 213 48 19 4 56 3 117 33
25 5 49 4 52 1 21 5 41 7 119 16
39 7 30 8 111 10 89 21 4 6 73 19
19 8 12 6 21 3 26 5 16 15 69 12
35 1 34 1 163 3 16 15 14 17 22 4
45 5 6 14 128 34 24 6 10 6 71 10
47 5 52 14 60 12 16 19 20 17 22 5
33 9 3 4 97 21 30 9 63 20 180 16
56 3 9 13 161 15 59 9 13 18 88 24
25 2 12 2 162 5 26 22 4 13 179 5
59 1 12 2 14 1 20 2 27 3 27 2
65 5 27 6 180 2 33 1 8 9 72 14
31 16 8 19 104 16 62 5 13 19 93 17
47 5 20 4 87 17 27 1 19 0 94 7
26 2 5 3 40 11 30 15 16 21 169 54
