22 9 61 14 89 16 15 1 26 0 26 2
38 14 14 19 20 4 53 3 42 8 104 26
78 8 3 10 174 28 84 10 15 18 27 5
68 4 20 22 198 62 42 4 44 9 139 27
18 10 41 6 127 22 16 19 23 12 29 5
59 13 27 10 124 37 44 1 12 9 120 17
35 11 4 4 97 11 28 13 21 12 38 10
55 1 32 11 47 4 26 12 56 9 118 22
69 4 13 6 82 23 22 7 11 22 140 24
54 3 27 2 41 6 29 5 44 8 123 38
36 8 33 24 149 37 61 8 7 21 160 49
38 12 5 13 47 5 49 1 44 1 119 9
82 15 4 5 29 6 37 2 43 21 181 56
28 9 6 4 147 9 28 2 17 11 31 4
21 17 28 12 36 7 19 1 44 0 152 15
25 13 15 22 191 44 54 3 8 7 179 31
47 17 18 20 33 8 54 9 16 10 193 40
17 2 31 23 73 16 22 9 35 13 46 8
52 11 13 10 169 23 31 11 17 6 91 29
26 1 21 15 117 34 29 13 34 5 148 2
80 15 15 22 77 10 39 3 41 20 96 16
