78 22 8 13 68 21 74 1 19 0 89 3
21 5 28 6 189 54 21 5 32 6 65 18
33 3 3 2 198 19 46 1 5 9 177 22
65 18 3 12 118 25 48 2 21 2 68 20
15 4 84 11 46 1 23 2 8 21 70 22
15 3 63 10 122 34 15 3 36 12 94 21
18 1 21 11 151 3 45 2 19 4 78 8
45 3 18 7 20 1 31 1 13 2 28 4
26 2 8 12 178 38 18 18 65 12 164 33
15 1 31 0 148 8 41 8 48 12 201 58
16 24 16 12 156 47 42 5 33 3 96 27
69 6 17 22 211 68 39 6 11 11 179 11
48 10 44 8 202 6 49 9 12 14 115 30
53 3 25 8 155 40 17 15 44 18 94 20
79 2 3 13 215 48 37 1 31 3 140 36
38 3 27 16 162 6 52 7 29 17 214 28
22 9 51 4 35 4 43 13 22 18 89 24
19 10 36 13 157 4 50 8 3 24 99 30
40 16 11 16 172 52 29 10 21 6 75 3
48 11 22 16 33 9 22 12 9 7 206 52
47 5 17 4 62 13 26 3 18 23 212 9
36 5 45 7 168 3 27 4 12 9 27 6
