80 3 19 4 133 8 74 8 5 13 19 1
49 4 13 14 39 1 17 9 45 10 53 5
18 9 51 25 60 14 25 9 6 6 161 44
44 4 29 3 97 13 41 2 38 4 25 2
45 2 27 3 34 9 25 10 73 14 139 7
72 2 12 4 116 33 20 16 42 12 10 2
24 10 26 9 160 34 29 3 42 6 105 17
85 22 12 15 90 6 37 14 25 14 146 23
16 1 23 1 18 5 19 8 56 25 96 24
69 1 13 3 110 35 75 1 11 1 40 4
19 3 45 2 172 56 18 8 13 19 79 19
16 2 44 16 152 8 31 4 21 3 28 3
15 8 51 13 99 17 27 2 7 6 132 4
27 6 14 11 61 17 21 19 34 11 23 3
56 4 12 14 37 5 44 10 25 9 63 16
34 11 23 17 143 14 45 1 51 0 127 31
48 7 28 15 154 45 22 9 31 23 124 35
36 11 52 15 83 1 24 2 55 4 24 4
29 2 16 10 72 12 27 6 14 3 162 47
