33 4 41 24 33 10 51 1 47 1 118 8
19 8 19 12 13 3 39 13 37 5 170 41
30 4 58 16 74 5 75 1 11 23 35 4
54 4 38 11 25 4 60 6 30 9 82 12
25 1 13 0 150 36 25 18 6 6 74 4
47 6 16 9 51 5 22 5 38 22 140 19
75 2 21 12 155 23 35 3 21 19 152 3
35 11 25 14 174 1 37 1 5 0 46 8
29 12 2 9 35 7 22 1 42 1 125 30
69 3 7 24 103 4 74 8 11 4 44 9
37 8 21 16 29 1 57 1 3 6 51 2
70 6 11 22 89 10 15 6 17 21 93 16
69 3 7 8 58 18 49 4 8 26 26 7
30 7 54 18 19 3 80 12 2 24 63 11
17 1 21 15 22 2 90 20 3 6 48 7
66 6 5 9 80 6 17 7 57 7 105 32
17 2 74 2 54 15 37 12 25 23 49 15
33 1 28 3 70 19 25 1 5 0 144 36
