58 1 10 6 101 25 61 2 15 2 121 36
39 9 31 14 131 31 31 11 29 10 20 5
61 2 25 6 21 6 29 4 33 10 125 33
50 22 10 13 55 4 35 3 36 18 122 38
37 1 12 1 73 18 53 5 24 10 207 49
41 8 13 12 191 21 55 6 6 10 75 20
25 1 72 2 168 38 45 12 5 20 33 8
50 11 7 22 95 6 57 4 15 9 82 10
33 8 10 23 102 3 32 19 5 17 210 36
22 8 13 8 191 36 41 3 5 16 183 11
29 5 3 6 200 28 30 1 59 12 35 6
33 16 2 17 196 56 33 7 52 20 215 15
23 2 15 19 203 41 37 7 20 19 131 35
18 4 22 13 21 1 31 15 13 16 158 8
19 5 45 3 19 5 69 20 25 11 144 26
33 1 5 13 173 6 35 7 32 10 168 22
81 3 5 8 62 1 61 1 6 2 110 9
70 16 15 13 65 6 60 5 36 9 96 2
43 4 12 5 53 14 37 10 44 8 53 13
36 20 51 6 130 29 35 8 38 19 98 15
24 3 75 4 88 16 45 7 43 14 205 58
75 14 9 15 82 3 37 1 29 1 119 33
