31 14 41 12 42 5 29 2 31 8 33 8
39 1 54 3 99 32 33 1 8 17 26 1
45 3 18 2 211 44 60 7 9 5 109 27
39 22 48 15 86 20 38 16 3 21 13 2
17 1 22 7 134 24 37 2 20 8 148 35
73 4 9 20 129 32 49 4 28 6 76 8
21 5 65 15 48 13 37 14 4 11 119 14
37 21 13 15 102 27 68 1 3 20 54 6
32 8 8 12 28 3 24 7 59 26 178 54
37 2 12 10 110 10 35 2 29 2 151 22
33 14 22 5 103 32 29 13 34 20 148 31
34 7 54 8 210 38 87 7 4 18 139 20
23 6 68 25 203 42 37 2 26 2 106 29
21 16 10 15 141 34 24 10 17 19 187 13
32 14 3 9 33 2 36 8 49 15 31 2
26 20 8 9 65 20 15 2 31 7 174 36
69 2 11 3 179 58 51 3 30 7 64 20
17 2 36 7 199 28 20 15 28 5 52 8
22 7 11 12 156 32 20 10 38 17 74 18
67 5 23 21 170 44 38 4 28 3 67 14
38 20 10 18 47 14 70 9 17 16 103 11
16 5 43 4 26 7 16 1 33 1 62 10
