27 2 63 4 197 25 44 8 5 21 181 26
19 2 16 4 71 11 52 5 32 16 44 8
35 2 5 21 28 8 30 10 8 11 36 8
25 4 58 12 91 13 21 5 12 3 209 22
23 6 18 18 158 49 47 5 26 23 66 6
50 19 14 14 139 4 43 20 46 15 107 23
30 5 19 13 140 40 70 8 13 15 81 20
25 1 29 4 115 17 41 1 43 0 143 1
39 2 57 7 13 2 20 15 54 17 142 19
36 2 10 2 95 1 53 4 26 4 97 13
36 3 3 4 93 20 56 9 17 16 164 18
24 2 29 5 136 20 50 16 15 12 66 7
35 1 13 1 92 15 43 1 9 2 89 28
56 15 17 14 176 2 75 3 12 9 126 16
48 16 42 8 208 14 28 7 34 16 23 1
33 3 31 24 116 29 72 3 25 2 37 2
30 3 27 5 78 18 29 1 41 25 179 11
75 1 6 2 50 5 52 3 26 7 62 2
64 9 28 4 145 18 16 8 27 7 184 8
42 17 11 19 153 2 79 10 16 12 187 58
44 16 11 8 162 4 24 3 63 8 134 17
