39 6 17 16 210 4 61 3 15 12 60 10
49 2 18 23 14 1 47 2 7 18 191 52
67 4 18 12 185 23 54 15 16 8 28 6
38 4 22 21 185 35 25 7 12 24 105 32
21 13 19 15 115 4 57 12 12 21 149 34
31 15 35 16 56 9 26 5 62 14 60 2
51 14 3 21 131 17 24 1 37 0 171 37
48 6 33 10 130 41 76 2 3 13 133 21
24 1 21 0 109 11 20 13 27 13 57 18
77 2 10 14 47 14 37 5 15 8 69 17
22 9 35 25 167 41 70 1 24 19 12 1
44 13 12 10 52 4 15 3 58 10 115 25
34 17 47 8 31 4 59 10 5 4 69 14
30 8 41 7 69 20 23 10 41 19 117 27
44 12 37 12 45 9 29 12 7 13 96 23
62 19 27 8 132 5 19 2 12 8 161 37
41 5 3 24 173 1 41 1 55 11 149 10
23 3 7 4 31 9 21 8 67 4 218 36
22 12 26 5 25 2 29 4 31 3 82 20
17 6 22 12 115 22 26 12 20 16 52 9
73 4 25 3 70 19 20 3 22 5 169 5
46 7 49 18 123 2 18 5 24 16 181 8
