68 3 21 9 26 4 51 1 26 4 130 8
72 6 21 21 64 8 48 7 9 8 22 1
64 9 24 10 73 11 22 3 19 5 164 10
65 5 11 20 72 16 24 5 72 3 75 5
56 9 28 10 40 3 67 1 18 6 110 35
68 1 8 5 150 9 37 4 10 25 39 2
33 1 38 4 98 19 41 2 48 2 79 24
38 1 7 6 58 4 21 1 15 0 144 31
45 3 2 2 49 5 22 4 11 6 114 16
21 16 11 8 112 3 51 1 18 1 87 25
52 4 6 14 60 17 15 1 17 0 137 3
50 20 19 11 38 9 23 19 33 8 178 2
29 15 14 8 87 16 72 1 22 14 162 10
20 1 14 2 124 8 18 14 18 12 114 18
37 15 5 16 165 44 21 8 20 24 33 4
16 18 68 18 66 1 39 18 16 10 71 14
15 5 19 4 106 1 46 1 13 6 143 14
31 3 36 26 120 33 36 6 9 3 163 51
