51 3 15 2 171 40 17 19 14 6 47 7
27 21 13 11 86 10 22 1 34 7 63 20
26 10 13 8 85 26 51 2 11 25 35 3
38 1 5 6 89 11 37 9 51 4 169 7
44 10 7 16 48 7 25 5 6 4 105 12
78 3 21 15 167 14 71 2 13 8 144 36
23 8 21 18 130 25 41 4 6 11 43 5
76 4 2 4 85 11 68 2 6 2 32 6
23 2 70 16 152 33 28 2 15 17 101 22
44 8 32 21 181 59 41 1 14 1 31 8
15 13 64 15 122 29 52 16 11 19 171 33
24 8 7 7 84 5 34 3 52 18 69 15
30 14 28 7 58 12 71 1 10 0 184 52
41 9 8 15 172 20 22 8 30 17 11 2
18 16 13 13 29 4 34 2 55 13 115 9
52 1 17 0 145 17 22 1 11 2 77 17
73 7 8 3 189 28 49 5 41 10 136 35
48 9 41 6 95 15 23 12 70 20 184 1
28 7 11 25 94 28 32 1 46 2 50 10
