44 14 8 15 46 9 49 12 5 17 156 32
64 2 4 2 84 24 86 2 10 4 45 8
35 4 46 12 86 22 28 9 4 6 89 3
21 1 35 0 166 33 36 5 40 20 52 14
21 3 31 8 144 16 20 4 65 9 36 9
30 16 19 12 167 22 41 1 13 0 69 3
70 1 18 9 88 24 25 12 64 7 143 29
61 12 23 13 125 5 21 1 67 12 51 3
26 4 17 12 97 23 70 1 29 4 137 11
46 10 12 11 126 39 51 5 7 4 139 31
36 5 30 4 65 7 63 1 11 0 70 19
30 3 24 5 151 19 34 5 18 9 11 1
25 20 5 11 105 17 38 1 28 2 41 12
42 3 23 6 145 9 54 14 32 11 72 8
28 1 69 0 154 12 59 1 6 1 20 1
52 6 14 5 130 31 32 14 14 16 34 4
31 1 11 0 12 2 31 12 67 14 150 5
22 6 73 8 87 13 57 3 18 2 119 13
