22 20 40 18 165 40 45 8 30 25 179 35
24 7 12 24 173 22 48 3 34 22 157 37
45 1 8 0 48 8 57 16 19 8 123 18
56 10 21 8 36 9 45 18 20 14 172 8
47 13 24 9 172 19 70 7 4 3 70 3
26 15 66 13 97 3 31 5 16 6 103 1
28 1 6 1 150 33 17 1 46 8 31 8
35 16 47 5 198 33 28 4 44 16 71 13
83 8 9 11 132 33 19 2 13 6 77 1
33 19 54 8 202 41 41 5 12 9 115 5
72 6 12 20 112 31 19 1 12 25 81 20
73 1 8 0 119 27 16 10 14 9 156 4
34 13 6 12 191 12 62 9 33 21 165 40
37 3 12 4 32 6 16 3 45 4 147 15
32 7 27 9 95 9 55 2 11 11 90 9
55 8 20 8 191 7 17 1 42 24 145 32
62 8 31 17 91 20 24 2 47 2 57 15
23 7 20 15 121 8 39 1 12 10 147 41
15 1 37 1 196 44 31 1 38 2 204 62
78 1 7 2 90 22 70 1 21 18 216 37
39 4 16 14 138 22 31 3 14 11 46 2
62 11 17 8 165 51 24 2 9 25 143 7
