86 3 7 4 113 33 15 3 32 4 174 53
40 14 11 16 152 44 29 15 11 13 185 22
64 2 32 22 202 6 46 18 20 20 128 17
18 1 41 7 69 22 28 3 3 21 167 48
74 13 11 17 59 3 85 13 5 7 130 2
20 1 38 1 53 5 46 4 30 5 88 14
21 6 76 3 139 34 20 6 10 19 153 48
64 2 29 21 36 9 15 1 38 6 49 3
65 3 21 14 185 35 29 12 21 23 69 16
58 16 26 13 43 11 53 2 25 22 140 38
51 14 32 20 127 34 22 6 28 3 23 2
29 1 20 6 168 30 60 2 27 9 194 2
24 23 52 14 101 14 53 6 8 10 165 3
28 5 26 13 22 1 44 9 20 25 128 17
25 1 30 0 184 27 20 8 58 19 36 5
41 8 45 24 32 7 32 5 8 12 50 15
29 2 8 2 75 24 40 5 12 8 76 19
32 7 29 22 120 32 19 2 34 24 151 8
19 8 17 15 151 28 28 20 67 6 37 4
52 3 34 18 158 42 79 7 13 9 147 29
45 8 13 8 133 26 52 5 20 8 12 3
