41 8 14 19 51 12 36 1 54 0 124 36
34 2 30 3 153 1 44 1 5 6 62 2
43 1 30 1 93 3 49 2 10 2 96 19
65 3 5 6 68 16 64 2 4 9 51 3
41 6 19 21 46 4 21 12 68 19 70 15
34 4 35 8 57 2 51 7 6 15 69 5
30 7 14 17 163 6 63 4 3 16 41 11
33 13 23 23 143 1 60 5 23 3 177 40
63 4 14 6 162 41 60 20 15 18 170 8
59 1 8 20 55 10 64 3 9 26 80 8
42 2 18 3 79 1 22 1 50 6 167 22
53 8 32 22 18 3 17 17 52 10 20 1
20 1 13 17 112 36 78 8 19 6 131 10
20 4 49 20 87 22 36 8 11 7 173 8
30 10 7 16 126 16 28 8 8 7 55 13
18 16 57 17 22 3 28 16 16 13 46 9
63 1 6 2 54 8 18 4 42 10 178 54
21 2 36 2 143 5 30 7 37 9 99 22
