52 2 27 14 113 18 42 1 37 11 187 39
21 2 32 2 147 25 25 1 15 0 53 4
70 3 4 25 62 13 16 6 38 10 46 13
65 9 22 7 145 9 55 7 7 5 197 3
32 3 15 25 101 10 26 19 59 6 194 33
34 3 52 20 193 35 34 7 25 7 149 37
17 13 52 15 20 5 44 1 33 5 146 31
46 6 50 3 75 2 22 1 32 1 197 5
17 2 53 9 172 10 25 18 19 14 47 11
43 3 24 12 163 2 20 10 24 24 187 28
61 9 18 20 120 9 41 1 27 1 176 41
32 12 17 7 27 3 82 12 9 21 101 8
72 6 9 24 88 21 47 21 4 13 69 16
46 9 34 6 124 36 63 10 30 19 201 50
34 16 48 5 94 8 29 2 2 8 79 20
70 1 12 1 159 30 48 7 41 12 199 54
20 3 50 5 166 21 85 8 2 23 107 10
39 12 16 18 123 39 27 4 52 21 31 8
24 1 26 3 122 8 59 3 3 11 161 14
22 3 57 24 124 10 50 26 23 7 131 8
38 9 13 13 23 4 58 3 9 2 206 26
