19 2 41 19 80 22 53 1 35 0 160 35
62 1 11 2 107 2 37 7 30 5 75 16
44 5 42 3 167 41 73 8 18 7 156 46
19 6 41 11 143 33 33 5 60 14 168 4
75 2 22 3 118 10 60 11 13 24 152 33
59 7 26 7 62 16 40 7 20 3 12 3
32 5 34 8 173 20 27 1 13 15 92 14
44 9 51 12 177 2 22 4 25 15 170 32
37 3 12 11 28 3 37 1 24 0 91 5
16 3 26 7 127 3 54 15 43 21 146 26
19 11 37 4 70 9 39 5 54 7 143 27
27 1 61 4 167 15 36 5 5 3 44 10
29 6 50 10 30 8 79 1 14 1 11 2
65 1 4 10 63 8 22 4 20 21 27 6
19 7 47 7 12 3 60 11 29 22 120 8
35 1 9 1 10 1 18 1 79 2 176 32
41 3 25 2 105 20 27 7 54 9 94 16
73 1 19 4 52 16 27 3 13 5 105 30
