24 17 9 18 102 33 31 14 17 12 109 34
48 3 7 21 126 6 21 1 30 21 63 11
39 2 24 2 93 6 34 9 44 10 155 25
22 3 21 15 157 46 48 3 13 13 154 13
34 3 48 2 126 14 27 18 8 17 115 3
63 7 20 7 131 8 26 10 48 9 57 18
32 1 7 1 11 1 16 6 16 5 67 13
28 14 11 11 46 5 25 6 56 22 38 6
21 2 45 20 165 50 62 8 25 6 41 9
73 3 8 17 35 6 58 2 9 11 72 22
19 1 62 0 118 25 72 1 8 2 174 39
22 8 56 16 148 30 43 13 21 9 60 10
24 7 10 5 66 15 53 6 32 14 39 6
37 9 35 15 182 6 47 5 17 6 111 17
21 10 12 20 183 56 41 12 42 16 171 19
28 5 19 7 41 2 53 10 33 25 12 3
33 6 26 22 17 1 44 9 4 6 206 62
43 24 7 7 102 13 43 3 40 15 156 5
35 1 64 2 118 29 29 24 38 10 138 45
44 6 22 19 52 1 29 2 17 3 34 10
88 3 4 6 78 21 84 1 14 14 122 3
