20 8 28 4 54 12 17 9 16 15 65 4
18 4 12 8 72 7 71 2 5 25 135 23
82 1 13 17 113 8 15 9 62 9 25 1
67 4 25 6 190 10 17 1 62 18 135 14
17 13 70 12 132 41 67 6 22 3 24 5
35 9 12 16 58 18 44 10 5 24 90 3
32 6 5 11 33 9 29 3 56 15 199 23
35 5 31 10 14 2 43 1 35 7 42 9
38 7 24 7 17 1 25 4 41 21 82 4
41 9 17 7 110 21 50 10 49 25 142 8
44 7 5 7 90 24 43 2 21 18 15 4
17 1 50 10 92 13 31 5 48 7 97 12
23 2 8 4 172 19 19 4 18 5 96 1
40 4 22 18 187 46 34 19 10 14 155 36
42 22 46 15 100 4 43 6 8 13 67 15
23 2 71 9 82 3 19 9 68 10 173 7
70 3 5 2 176 57 23 11 27 4 143 31
93 11 4 23 102 16 17 4 21 6 48 10
20 19 42 11 154 19 19 7 60 7 194 21
43 5 13 9 134 26 46 7 27 7 36 7
42 8 20 7 190 51 44 1 46 0 194 28
