41 7 26 25 42 13 77 5 11 19 28 3
30 21 23 13 140 32 69 10 30 17 164 10
25 6 28 6 162 14 49 2 12 22 66 20
21 9 11 6 147 20 95 1 2 1 168 33
52 3 27 5 112 10 61 1 20 0 45 5
45 10 30 11 35 3 25 18 59 10 128 7
38 10 8 12 83 19 27 5 72 7 77 9
26 3 5 2 142 15 40 5 9 6 141 40
16 4 35 15 114 29 30 2 4 6 186 32
39 1 12 0 190 62 31 11 42 21 153 25
17 6 16 14 199 7 17 1 19 20 22 1
54 20 8 15 50 14 26 1 4 1 103 1
20 8 18 19 43 1 30 7 35 19 185 42
63 1 29 2 25 1 81 14 6 9 133 6
26 5 7 25 146 29 31 3 51 10 174 51
51 15 13 18 202 65 51 2 11 5 137 1
48 13 47 20 176 16 31 4 38 3 87 22
17 18 19 14 91 27 23 25 15 10 132 19
27 7 50 12 213 33 61 15 24 20 70 11
61 5 3 6 58 3 43 10 16 12 94 25
57 7 6 15 217 62 15 1 35 2 97 7
17 11 25 4 132 5 33 1 7 6 139 44
