39 1 4 2 207 12 16 13 18 9 143 25
36 6 2 5 114 6 22 16 9 8 187 3
15 5 30 9 47 2 15 5 32 20 139 3
33 12 60 10 26 1 25 3 67 20 54 8
79 13 6 13 75 15 43 3 16 7 109 34
36 3 42 23 51 9 20 16 68 12 133 25
39 1 13 7 19 4 58 5 17 3 81 11
79 21 3 15 119 26 51 13 18 12 86 27
51 12 43 10 148 38 31 7 8 25 113 30
30 5 48 15 187 4 16 2 63 2 77 15
56 21 37 9 141 5 38 1 59 8 149 47
24 19 72 14 127 8 34 6 63 9 181 12
42 5 22 6 96 15 37 1 5 1 186 7
31 8 40 7 191 4 78 3 4 7 127 30
47 3 6 6 198 32 24 2 8 15 45 3
19 3 33 16 42 11 52 9 14 25 71 8
26 13 18 5 44 10 22 1 19 1 106 8
17 1 62 0 87 4 27 6 60 12 203 35
41 2 49 17 94 30 59 4 25 3 145 23
19 1 48 18 208 56 30 10 62 17 187 7
67 11 20 20 114 23 23 4 11 5 90 26
