24 4 21 4 15 3 28 4 26 4 62 19
33 2 55 6 36 6 35 7 6 7 96 14
66 1 14 2 113 19 18 5 16 26 186 30
34 18 60 15 52 11 15 2 55 3 81 19
68 5 8 8 160 7 55 3 11 2 113 27
30 4 37 13 64 17 31 2 12 8 177 58
17 2 53 24 181 8 15 6 39 10 145 33
46 11 47 14 67 4 18 12 13 10 20 3
58 1 4 0 88 15 28 9 21 14 139 34
77 7 7 9 43 12 65 15 2 8 120 3
34 1 18 6 141 38 50 6 20 6 125 21
63 2 5 2 21 3 25 9 8 17 147 20
20 1 47 18 151 33 49 1 23 9 165 44
29 12 52 17 13 3 22 1 20 21 182 34
24 12 41 19 109 7 34 12 6 12 103 4
57 7 12 3 185 54 31 14 18 7 177 18
52 8 27 7 66 7 26 1 31 2 157 1
17 2 80 9 72 6 16 8 44 22 156 27
30 3 45 2 21 4 22 8 13 15 24 4
43 17 19 20 84 8 36 12 19 19 45 4
