68 13 18 9 151 4 29 8 8 10 27 7
50 3 15 13 120 21 23 1 52 0 30 7
48 4 19 19 114 15 66 1 10 1 16 3
16 4 43 8 79 22 31 2 37 7 107 17
23 1 18 0 115 21 50 8 19 4 44 11
39 5 8 3 27 3 50 1 12 1 90 24
15 3 41 10 156 45 28 3 5 12 103 12
30 1 51 6 41 9 19 10 20 22 68 15
35 8 9 8 94 3 44 4 17 24 150 29
17 4 19 18 94 3 43 3 29 2 39 10
33 3 8 5 171 53 73 15 17 11 151 40
21 5 9 6 114 19 19 11 47 12 71 7
29 4 4 8 42 7 64 3 12 11 53 14
31 2 21 11 150 41 64 1 24 3 109 16
30 2 9 3 119 33 23 1 71 0 104 15
30 15 28 18 117 27 19 10 41 8 43 12
15 20 26 6 155 16 21 22 56 15 103 22
48 19 36 11 27 3 47 8 6 22 156 28
