16 1 14 2 100 24 73 4 10 12 123 27
15 3 20 2 186 18 34 14 35 12 148 43
34 20 20 11 23 6 38 1 18 18 149 33
51 3 6 12 27 1 25 4 9 22 36 9
33 10 58 11 138 41 56 1 7 0 69 5
32 3 19 2 105 13 71 13 3 20 155 4
18 16 29 5 57 4 47 1 34 3 134 32
54 8 9 7 95 14 34 1 12 2 45 12
39 6 38 11 25 5 19 2 45 18 95 6
29 2 10 25 203 37 19 10 27 18 118 28
64 4 22 22 191 47 27 3 11 26 43 7
75 3 14 14 139 23 29 2 41 4 141 16
39 1 42 17 95 21 38 12 26 10 64 7
49 4 38 16 150 16 18 18 28 18 134 28
25 24 73 12 85 11 32 4 28 4 50 7
22 14 15 21 62 12 39 1 25 0 77 5
32 1 2 1 158 10 36 2 33 21 30 1
34 15 11 17 114 24 73 3 6 5 72 22
24 17 18 18 183 18 53 10 27 14 76 14
53 2 10 3 154 29 29 1 21 0 26 2
22 2 14 3 22 6 27 17 8 15 185 21
29 5 52 13 136 44 23 11 33 6 139 16
