23 14 24 19 160 20 28 1 3 1 81 5
17 2 29 2 142 26 22 1 11 17 115 10
50 11 2 4 105 33 37 1 23 18 70 16
24 1 37 2 161 48 54 3 29 5 98 18
48 9 20 4 42 3 21 5 27 3 134 7
15 3 58 9 77 15 27 2 27 9 62 13
88 11 4 8 148 5 17 9 34 16 92 28
25 1 16 2 72 18 34 15 26 14 73 5
36 14 6 11 49 7 31 8 16 11 74 3
20 14 33 20 41 9 39 2 32 5 40 10
17 14 36 7 12 1 39 6 16 6 143 28
34 17 10 16 51 1 80 6 11 13 16 1
16 1 24 7 54 9 75 1 14 3 119 15
28 7 12 15 56 16 22 4 37 13 154 28
23 2 24 3 74 1 25 7 12 8 187 56
30 2 43 6 48 5 53 4 19 3 191 14
27 19 16 14 80 2 24 18 13 15 101 32
34 4 26 5 198 47 39 4 21 14 196 1
16 9 25 7 162 1 25 2 8 3 16 2
26 4 4 10 149 23 43 11 12 11 122 14
51 2 10 7 142 5 25 12 7 16 92 24
