17 19 31 6 11 1 16 21 14 9 51 16
33 14 36 16 94 11 24 12 40 5 75 9
46 8 14 4 44 9 28 4 20 3 141 37
66 1 17 4 77 18 53 4 24 5 131 35
76 9 3 6 67 14 55 21 18 6 65 2
23 9 23 13 96 4 40 5 46 14 27 3
66 21 11 15 29 3 53 19 9 12 111 27
35 3 15 4 42 10 31 9 44 18 130 33
35 9 22 4 10 2 52 7 15 10 86 12
28 8 10 10 56 4 29 3 25 10 29 2
31 11 12 8 117 20 55 4 3 6 92 6
67 4 10 14 79 16 16 12 50 19 131 23
90 1 5 2 51 6 36 15 10 5 159 19
31 9 4 9 121 14 37 8 2 21 71 1
45 8 7 8 99 12 57 1 16 11 16 3
33 4 14 4 183 22 39 14 13 19 58 17
58 2 13 2 119 15 21 3 53 25 160 41
19 2 76 2 182 46 21 2 49 13 111 31
34 2 8 12 38 7 24 14 44 16 155 10
