43 1 34 0 140 6 49 7 7 3 67 20
16 15 50 11 61 7 59 15 21 8 158 22
60 11 32 21 65 17 57 16 10 8 103 32
37 1 40 17 59 6 24 2 23 2 105 24
45 5 10 6 60 13 24 5 14 10 167 37
37 1 25 7 27 2 68 17 12 8 136 32
18 2 23 7 97 21 28 5 2 3 26 1
33 7 17 7 45 11 16 11 19 12 35 5
42 7 35 17 166 17 37 3 25 13 83 20
18 6 49 14 56 13 74 12 10 5 170 35
38 5 35 13 48 15 29 14 36 14 137 37
40 3 15 5 13 3 49 10 24 20 10 2
37 5 18 3 40 9 23 2 23 3 10 2
84 6 7 5 135 30 25 15 41 9 44 10
77 2 2 3 145 23 52 5 15 24 63 16
82 3 7 14 49 7 45 16 10 20 28 3
40 5 33 14 105 28 35 2 4 7 168 16
71 3 28 2 148 31 22 3 32 25 120 36
