37 1 27 18 155 43 18 13 17 9 109 18
17 15 59 22 55 11 25 6 64 3 153 43
64 6 32 16 24 3 16 15 29 20 95 7
48 1 31 4 109 29 27 9 20 6 180 59
21 12 37 12 106 11 16 4 47 3 48 7
32 1 3 1 13 3 63 1 9 5 199 15
26 20 38 15 87 4 75 7 9 13 85 21
15 5 47 13 100 5 27 1 21 2 198 19
49 4 45 5 206 28 24 1 20 4 149 38
56 24 12 12 122 19 36 7 30 20 80 15
17 9 46 24 158 47 25 5 15 8 204 53
68 4 26 16 20 5 64 3 8 14 120 6
32 8 12 4 204 11 26 2 39 18 163 47
32 5 16 17 63 2 42 3 16 11 66 13
24 12 18 16 187 31 46 14 5 23 80 16
46 14 15 5 162 42 15 7 24 10 24 5
35 6 16 20 91 13 17 14 68 5 184 59
54 5 8 25 46 10 55 7 34 7 124 1
22 2 46 9 189 35 64 5 8 3 188 7
31 10 54 4 124 8 25 14 13 5 204 50
19 1 63 0 79 8 20 1 64 1 31 1
