79 8 3 11 53 5 20 11 11 21 15 2
26 3 9 4 118 6 39 1 8 0 31 6
39 5 9 4 107 17 52 1 39 1 113 7
55 6 21 3 22 5 26 6 62 19 26 3
39 3 17 5 53 14 28 11 15 4 83 12
38 4 60 5 121 10 38 3 44 10 173 42
40 14 12 5 85 6 43 1 35 5 23 6
30 3 55 21 110 16 38 13 51 15 93 28
43 13 28 21 60 18 32 6 3 3 37 4
38 6 33 10 129 24 24 3 14 5 111 20
30 1 3 4 164 16 33 1 5 8 19 3
39 4 45 9 183 39 16 2 65 2 109 3
41 1 14 2 127 34 27 2 15 19 86 26
21 11 39 19 160 9 65 5 18 8 185 8
21 22 31 11 139 45 42 11 17 11 109 7
32 11 62 11 32 1 30 3 64 5 66 15
45 1 33 1 162 50 23 2 21 5 193 7
85 5 7 25 107 19 28 2 31 3 156 51
73 16 19 21 71 20 17 15 27 21 125 6
36 2 6 2 186 14 19 7 62 22 111 21
