56 5 10 17 36 4 32 9 4 17 209 16
20 1 75 18 157 24 37 2 41 21 178 9
22 9 14 14 91 21 68 23 8 14 186 38
70 15 10 11 162 26 34 8 9 23 191 56
34 1 8 2 62 4 38 13 4 20 138 3
29 3 32 15 145 20 34 6 4 9 192 5
37 3 40 14 151 48 37 4 24 10 113 23
25 11 10 16 167 47 26 1 46 10 28 1
58 1 29 2 187 59 27 17 38 8 130 8
27 3 3 8 49 2 47 8 2 21 179 23
29 13 58 7 153 18 49 18 6 12 83 13
21 9 41 4 108 28 26 2 29 3 104 27
32 2 13 3 116 23 33 4 29 20 15 1
28 15 37 13 154 39 41 19 45 8 120 37
51 8 47 4 20 3 29 3 10 11 98 28
72 5 4 7 166 23 65 1 2 1 128 17
33 15 15 17 159 48 27 15 5 13 110 19
56 25 43 7 45 6 67 10 24 13 167 23
64 12 5 13 19 5 33 3 43 5 96 12
68 1 21 3 173 6 15 3 30 10 89 22
16 2 64 2 163 45 87 4 5 4 89 20
