48 4 28 12 12 2 47 16 19 17 71 8
15 1 42 5 123 24 72 20 19 6 49 5
37 14 5 23 112 17 26 4 66 6 33 2
25 2 33 18 97 3 59 4 4 3 166 15
21 4 22 9 180 7 25 4 67 3 142 38
50 7 35 3 106 5 23 8 26 16 79 21
21 1 16 1 184 59 33 8 14 12 39 2
41 5 7 9 135 1 50 4 17 26 180 31
75 1 14 13 170 43 48 1 31 14 184 50
30 7 61 15 179 43 23 3 47 18 110 6
68 7 14 15 181 51 23 3 73 13 129 29
40 1 47 1 109 16 26 1 19 18 79 9
19 1 55 3 180 26 72 1 9 2 83 23
29 15 13 21 36 7 20 1 31 15 95 6
35 1 11 0 158 48 17 3 44 4 163 28
31 14 21 5 188 13 56 2 18 9 26 6
25 3 60 25 54 14 50 3 2 5 185 37
26 1 4 1 165 20 54 2 34 10 187 52
25 1 39 0 184 42 18 4 58 5 128 17
37 4 17 3 122 39 53 12 18 24 93 5
