38 3 36 5 156 36 24 14 50 12 70 2
51 2 36 12 123 6 43 7 38 10 55 16
40 4 13 10 151 24 21 1 13 1 175 50
51 1 11 3 128 18 52 2 30 4 83 2
70 21 27 15 78 8 34 1 59 0 57 7
33 22 26 6 117 27 72 1 15 2 199 24
33 3 55 17 45 3 39 3 26 19 185 35
45 3 39 24 155 42 32 2 23 3 64 10
18 3 58 20 68 9 35 14 23 16 172 9
20 3 25 13 203 27 73 20 16 11 97 6
20 7 28 12 140 27 60 1 22 1 12 1
27 21 18 11 69 2 70 13 7 13 35 1
25 16 18 21 65 14 67 6 32 16 84 11
56 7 34 10 90 16 37 1 7 0 59 10
32 10 17 4 113 11 37 2 48 5 117 3
46 5 46 14 122 4 25 7 6 25 33 8
62 2 6 9 125 23 59 8 26 4 209 33
39 1 19 2 22 4 21 8 71 15 72 4
34 1 46 1 124 18 44 17 27 13 131 36
15 8 44 13 168 11 32 2 42 13 119 10
18 5 25 12 143 34 28 17 8 19 41 10
