24 10 33 18 25 7 22 1 23 1 199 57
46 7 28 5 167 40 61 2 2 18 54 14
78 2 5 5 10 2 31 9 4 12 161 36
36 7 10 26 71 18 73 9 3 18 125 3
18 5 28 10 75 18 60 14 34 5 112 25
30 1 4 0 75 12 22 4 11 9 84 12
35 7 62 15 55 1 50 9 13 4 187 38
71 2 23 5 97 3 53 1 4 1 79 16
17 10 28 4 157 4 35 1 59 10 96 10
44 14 8 12 57 4 55 3 11 21 127 20
22 1 8 1 150 11 23 4 40 3 96 20
46 1 6 11 27 5 27 12 35 13 124 9
45 5 6 14 56 13 74 3 18 14 101 31
40 5 3 4 59 5 40 1 2 14 162 36
22 9 19 6 190 60 64 5 21 15 132 42
32 18 20 14 28 5 60 2 23 6 33 1
31 7 29 17 79 21 16 1 21 1 179 54
21 4 19 16 47 7 58 1 29 1 173 47
40 1 34 1 18 5 15 6 26 20 165 19
58 5 37 10 138 37 28 2 2 11 64 4
