72 1 16 25 175 36 45 3 28 14 152 17
20 1 32 0 77 12 18 1 28 1 128 15
51 12 47 14 28 8 38 4 25 12 161 27
20 7 11 15 83 13 18 13 49 17 126 16
25 6 30 9 176 6 29 19 35 17 142 19
74 12 19 16 124 31 66 3 15 22 96 29
42 7 38 9 150 1 26 23 9 12 78 8
18 4 15 17 150 42 43 3 30 5 124 24
36 3 28 2 173 26 29 21 5 16 94 27
68 9 8 20 140 3 44 8 49 4 69 7
43 11 8 12 52 16 17 2 23 16 127 23
42 9 12 10 128 31 25 15 10 20 152 31
18 1 22 1 142 40 43 1 11 0 104 1
27 12 29 13 159 51 25 8 40 6 85 13
62 7 8 3 156 31 74 3 22 4 36 11
22 6 33 6 58 6 31 9 23 22 129 14
34 4 16 3 93 19 42 1 48 1 141 36
30 3 2 4 32 6 43 2 25 2 10 2
21 2 9 2 163 40 26 8 17 4 174 41
