27 1 43 13 107 33 52 3 15 2 145 14
16 1 63 21 31 4 54 5 17 18 67 14
46 8 31 11 133 6 17 1 82 11 141 41
52 5 7 17 80 20 43 11 41 4 114 32
15 14 83 14 152 5 58 2 18 14 206 21
23 2 14 13 115 4 61 1 32 12 108 32
23 10 55 11 163 36 26 8 65 12 34 6
37 2 57 12 90 6 19 10 15 4 218 48
31 3 27 14 211 30 33 3 26 2 201 63
35 11 11 12 64 3 21 12 17 12 82 15
30 3 28 10 209 37 16 1 38 7 86 14
67 9 15 18 147 30 69 11 29 15 60 4
32 4 20 22 206 36 53 16 5 10 154 32
38 1 25 0 85 13 39 5 38 21 169 27
67 12 2 16 102 15 41 4 3 13 190 14
15 2 25 6 219 49 61 14 23 19 15 2
20 3 13 7 162 13 46 23 17 12 145 34
30 10 64 25 53 14 66 13 4 7 119 20
43 5 13 4 99 30 28 4 17 9 204 20
57 9 30 9 60 6 30 13 10 13 42 5
31 3 23 17 158 47 19 3 32 12 153 38
33 1 16 2 10 1 35 1 8 16 42 2
