66 7 30 13 160 52 34 17 64 12 64 15
25 17 40 13 79 13 48 8 7 8 13 1
15 1 44 1 27 2 80 3 10 6 122 2
29 1 9 1 193 16 26 6 9 5 172 35
59 1 13 19 99 17 78 3 9 10 161 43
66 1 8 0 24 3 24 5 58 18 124 17
34 3 8 19 74 13 41 18 17 8 103 22
19 9 49 15 57 9 75 13 10 7 155 45
52 4 11 11 93 13 62 3 19 25 198 61
25 4 23 24 139 28 19 3 78 20 43 11
16 5 29 7 88 3 29 16 33 10 180 11
15 1 22 1 21 3 65 8 28 25 96 29
29 4 14 9 161 2 86 6 7 5 120 27
30 4 6 14 121 26 26 8 5 8 94 27
25 10 29 19 62 13 38 6 3 12 140 5
22 4 47 21 124 24 19 13 30 10 197 26
82 9 13 7 58 3 54 6 39 6 84 19
91 1 3 0 110 4 49 1 37 1 162 31
17 13 19 15 199 1 55 5 24 7 123 34
24 11 47 24 70 20 73 8 2 21 140 35
