43 21 3 13 68 20 39 1 35 0 130 42
29 10 12 17 152 41 15 7 70 5 96 17
31 1 17 23 43 10 32 1 7 8 212 31
19 12 20 23 29 7 59 15 10 17 135 1
19 5 13 7 56 8 90 25 3 7 45 8
61 4 4 15 83 26 24 5 31 3 140 41
44 3 17 17 187 17 41 16 4 10 104 31
69 21 12 9 163 29 56 17 6 12 181 32
43 23 4 6 168 48 29 17 69 16 191 11
54 5 27 13 21 3 16 1 36 21 32 5
25 13 19 10 40 10 53 21 5 6 84 24
18 20 79 11 15 3 23 1 68 1 122 24
26 18 7 18 64 20 25 8 51 19 195 14
26 2 4 25 210 65 56 3 26 2 113 12
37 5 54 26 124 18 48 25 32 7 116 4
19 7 55 3 204 46 39 3 17 22 154 22
42 8 21 19 144 13 70 2 29 2 129 17
36 13 20 22 206 32 22 8 20 10 111 13
57 3 22 2 95 21 44 7 11 9 180 18
59 1 4 0 182 6 24 21 12 11 180 15
17 21 73 16 116 4 27 14 6 19 38 9
26 4 71 10 93 12 26 4 10 10 19 2
