36 5 28 9 139 37 41 1 6 0 67 1
53 5 5 9 174 20 40 19 13 12 119 7
27 19 23 16 66 17 31 8 11 6 48 5
16 14 15 12 21 4 83 1 6 0 100 31
35 7 9 5 45 2 48 1 24 1 173 53
16 2 27 16 131 29 24 1 26 12 43 6
82 2 4 12 69 6 29 6 21 14 159 51
24 15 35 20 104 22 80 13 7 20 39 8
49 1 41 25 155 34 25 9 10 12 20 5
54 3 23 7 197 19 56 3 11 4 185 37
36 7 10 20 187 31 27 7 5 7 40 8
26 16 34 5 28 7 17 1 14 1 29 4
21 1 10 1 71 16 36 7 9 5 122 12
28 9 15 6 77 18 20 3 53 15 12 1
32 3 16 12 114 19 67 9 4 17 130 22
66 3 14 8 163 40 22 1 40 1 23 2
15 6 29 3 52 11 23 1 57 1 77 12
54 10 25 21 171 28 19 4 28 5 149 36
68 20 9 6 25 6 28 10 2 9 39 6
25 8 14 22 12 3 35 1 12 2 19 5
