36 12 3 20 110 22 39 9 47 13 163 26
39 5 11 7 64 19 54 1 40 2 19 4
22 19 65 11 12 2 24 1 69 2 177 30
20 2 10 12 71 10 33 7 14 7 144 45
22 2 8 5 75 23 55 6 21 16 157 36
37 8 4 18 118 25 22 15 31 18 94 19
44 2 36 5 23 5 22 2 42 8 122 3
41 3 14 8 35 8 38 12 22 19 91 19
15 4 36 13 115 12 33 5 21 21 55 3
20 1 62 2 173 2 70 2 19 16 188 48
35 12 5 12 152 21 76 9 17 22 198 20
90 17 6 13 107 30 83 1 10 11 39 1
36 10 19 19 137 12 51 12 19 20 104 7
21 2 45 3 106 17 92 6 7 25 38 1
44 12 5 7 39 2 25 2 22 6 180 27
39 1 9 0 26 7 26 1 68 0 169 14
22 17 11 10 119 1 18 3 68 14 179 27
29 10 59 13 103 17 28 5 57 9 191 48
17 1 57 0 16 1 66 6 29 5 48 6
42 6 9 14 127 24 42 8 10 18 28 3
