20 3 23 7 196 38 23 11 8 16 130 28
32 6 24 8 99 26 58 11 3 10 108 30
18 8 24 7 55 4 48 12 46 10 112 2
23 13 56 5 146 18 74 7 24 22 101 1
15 13 17 20 91 9 17 2 36 5 164 51
43 2 3 8 69 8 32 11 53 16 106 22
24 2 17 6 176 37 21 1 77 1 191 12
53 1 37 9 11 1 62 4 9 26 111 17
25 1 11 5 43 10 40 14 8 23 107 30
21 26 77 7 110 22 25 14 30 21 25 7
21 2 72 3 92 17 20 4 24 8 173 11
32 16 13 10 178 23 52 3 32 16 168 40
83 1 12 12 47 1 53 3 15 14 99 2
26 5 39 7 71 22 73 2 2 2 137 1
90 3 3 15 64 15 44 2 40 2 53 12
35 1 53 25 79 21 54 3 12 8 16 2
22 1 25 0 40 4 16 17 51 13 181 8
17 1 30 0 138 8 35 11 58 8 193 39
41 8 40 24 62 11 37 11 6 23 51 12
23 2 15 25 98 11 30 17 43 20 95 28
