26 4 55 16 36 4 20 7 13 8 70 3
22 3 10 13 29 6 21 17 12 18 42 11
67 2 19 4 141 44 61 8 14 22 122 19
77 19 10 12 164 23 32 8 28 7 59 12
15 1 20 0 136 24 30 3 25 22 13 2
61 13 8 9 137 5 32 13 15 21 170 13
46 2 23 8 103 4 57 1 33 0 143 39
45 3 14 2 25 2 23 8 30 19 59 14
26 2 44 4 31 9 26 1 22 6 29 7
41 5 42 14 111 35 25 1 44 3 99 28
49 14 7 15 24 7 52 23 12 14 121 4
17 1 67 15 31 9 52 3 42 2 134 40
30 5 12 18 95 29 36 5 4 18 162 10
70 9 18 6 160 4 21 2 28 18 119 30
55 9 16 22 128 13 16 4 39 10 179 23
25 1 26 0 113 23 36 8 27 15 167 39
48 10 8 12 29 1 19 19 14 11 20 4
17 1 81 6 57 17 64 13 35 13 87 18
