44 21 42 6 32 9 50 18 28 12 28 2
43 5 28 3 63 16 39 4 15 6 79 16
32 10 5 9 126 40 46 5 52 19 85 8
20 12 11 18 42 6 24 7 15 7 49 2
49 1 23 21 35 10 68 2 21 5 68 10
26 1 60 21 183 31 69 14 2 11 39 5
39 7 60 18 106 32 19 1 26 2 164 26
42 7 8 22 106 18 38 4 42 8 61 5
26 18 43 17 27 2 53 5 33 13 67 4
29 14 23 23 168 20 19 8 14 8 169 3
19 22 72 11 116 20 15 1 26 0 53 4
15 11 27 14 181 7 29 7 2 9 24 2
29 9 22 10 139 29 15 8 15 7 14 1
45 11 5 6 87 8 41 2 3 4 121 9
21 1 37 18 14 1 37 15 17 13 134 19
78 1 2 1 90 7 27 9 20 20 152 8
37 1 2 17 93 28 35 1 48 1 63 4
56 19 31 14 32 3 64 3 3 2 142 19
29 1 5 18 117 22 67 12 2 14 26 2
