31 1 28 0 114 11 28 4 14 9 121 8
52 2 7 3 35 6 32 3 21 6 105 17
19 9 56 10 82 11 40 5 50 10 159 39
56 2 17 16 99 22 63 1 3 0 111 20
29 2 17 2 92 29 32 2 28 2 83 2
20 6 48 8 51 10 37 6 40 9 128 33
35 9 26 24 170 47 65 13 20 15 149 1
15 6 41 22 104 4 26 20 5 18 67 16
26 7 7 21 92 27 15 1 78 2 54 1
48 5 26 10 108 25 21 11 20 4 58 2
18 3 19 10 147 40 42 4 16 18 49 6
17 5 13 8 109 30 58 8 20 4 195 30
27 4 22 3 62 17 49 2 30 5 10 2
17 1 13 20 74 21 47 8 52 20 166 12
51 2 6 4 70 9 40 2 57 2 16 4
32 1 12 2 37 9 81 8 11 10 69 1
34 9 8 4 101 13 72 8 5 7 85 15
23 1 19 0 80 22 25 2 6 3 30 8
59 10 30 19 34 2 41 14 18 19 175 23
30 15 49 20 145 45 15 2 59 3 103 16
