33 12 53 13 11 1 15 5 37 18 60 19
23 4 41 15 141 23 18 10 44 6 133 39
46 1 35 4 29 1 58 1 5 0 19 3
15 3 22 10 14 3 23 17 59 5 170 29
41 9 12 22 153 38 29 3 8 7 50 2
22 4 15 9 149 14 33 11 24 6 135 32
15 2 28 7 27 1 24 7 63 17 33 4
42 1 6 11 43 11 53 9 2 13 84 24
31 10 22 4 109 27 43 14 41 20 16 1
29 2 7 2 147 36 33 6 25 13 105 19
17 1 38 0 83 9 40 18 47 6 165 34
76 23 21 9 140 33 38 12 60 13 52 9
29 2 51 7 99 14 72 8 17 10 57 8
27 1 5 0 75 10 22 12 41 7 86 4
76 1 3 1 93 5 33 3 5 23 117 25
26 7 6 9 140 17 77 6 19 21 84 22
39 1 30 0 162 53 37 11 16 6 40 1
43 4 12 9 50 11 29 9 5 6 66 21
