83 10 3 11 65 3 20 3 20 7 87 7
51 8 20 12 17 4 48 1 37 1 132 37
65 3 20 20 82 26 58 11 22 19 14 3
77 15 14 11 163 43 45 4 53 17 94 13
31 8 64 7 166 49 42 9 39 25 169 39
30 5 23 9 17 4 25 15 33 11 54 10
33 1 64 0 36 8 57 20 10 18 140 21
61 7 12 3 165 42 24 4 50 5 23 3
18 3 26 18 111 11 21 14 50 23 74 6
58 1 10 12 117 37 16 23 57 12 109 32
29 1 45 0 79 11 34 1 51 6 121 21
28 10 13 24 147 26 30 9 30 13 71 9
33 1 25 7 85 8 34 8 3 4 78 18
51 4 21 9 126 27 41 17 21 10 35 9
36 1 4 0 52 11 29 14 30 18 157 39
25 8 62 18 52 1 21 20 49 16 80 17
47 4 10 9 76 13 44 20 41 11 72 2
38 4 10 4 46 4 49 1 26 0 22 6
46 8 2 12 25 4 60 1 38 3 70 19
