17 9 41 24 167 13 72 1 12 26 93 3
36 2 36 8 48 8 54 2 28 8 127 19
50 1 48 12 141 45 42 13 52 5 77 9
22 3 17 2 179 37 36 12 40 10 35 10
32 6 8 12 19 3 26 3 35 4 33 5
26 1 40 0 163 9 54 14 11 5 191 43
25 5 20 17 123 10 35 12 39 9 23 5
53 19 6 8 181 46 25 1 63 5 194 51
32 3 55 2 31 8 48 7 12 8 110 3
15 4 54 15 48 14 69 3 4 7 99 7
16 4 21 10 19 3 21 8 45 24 24 6
15 18 15 20 151 24 16 6 14 16 141 8
40 14 14 18 192 50 41 5 11 13 87 28
52 6 18 18 57 17 61 5 12 15 136 17
21 11 16 19 29 2 23 14 42 9 142 4
37 4 45 3 108 10 25 5 49 4 62 3
15 8 30 8 135 41 15 7 31 19 183 3
50 10 27 14 16 4 29 2 37 5 40 11
58 1 3 0 41 12 49 12 5 14 149 3
27 7 3 9 73 4 42 4 11 11 149 8
