80 14 19 5 75 22 26 2 4 5 92 19
31 7 39 21 20 4 37 8 28 13 28 5
47 3 46 21 34 10 30 2 4 2 162 24
50 15 8 14 155 32 41 12 15 12 155 24
54 6 30 9 112 36 47 5 10 24 107 31
34 7 27 3 25 2 32 8 36 6 181 9
48 1 16 1 160 18 52 1 38 16 43 9
37 3 38 8 23 6 86 2 10 2 99 26
49 1 20 4 152 38 20 12 12 7 74 20
74 1 10 3 59 6 36 3 2 5 179 18
34 3 26 8 152 1 40 1 6 2 44 4
69 8 7 22 126 9 57 10 42 6 39 9
32 7 3 8 149 39 26 8 41 16 180 25
59 4 30 21 123 19 32 20 3 15 11 2
16 10 53 12 116 14 73 3 2 2 45 14
19 2 29 7 10 1 32 2 24 15 88 19
15 5 61 3 186 52 74 6 3 6 103 33
50 6 33 14 175 16 58 4 15 15 126 26
36 1 24 7 15 4 31 1 27 6 41 1
