49 14 50 7 69 5 23 17 23 8 18 5
74 7 3 5 178 17 21 6 66 6 17 4
49 12 24 9 84 11 39 20 29 13 176 4
71 5 16 8 85 11 50 1 49 21 121 17
36 3 5 6 66 12 34 1 13 1 190 54
29 3 13 7 83 9 31 1 32 3 112 29
15 16 23 16 41 10 19 4 39 26 22 4
57 1 15 2 191 46 53 2 45 7 152 34
78 17 17 15 168 10 49 1 41 0 160 14
19 3 55 24 94 9 16 12 32 17 158 50
81 4 11 17 52 11 39 20 22 6 36 2
68 15 7 17 123 25 42 3 47 2 109 27
15 15 49 18 42 8 20 22 15 9 212 52
28 6 32 14 144 27 35 1 3 16 117 18
38 17 21 5 106 26 52 10 24 19 88 15
38 1 14 17 11 1 15 3 45 2 46 12
28 12 3 5 178 24 24 11 12 4 111 17
20 2 17 5 167 20 45 3 48 4 63 16
17 13 50 10 124 30 27 9 44 21 89 8
17 8 14 8 147 46 16 19 16 12 16 2
17 4 14 18 112 2 60 1 21 0 38 5
28 1 22 1 129 16 49 9 10 23 111 14
