69 3 10 26 101 2 32 6 15 20 29 7
39 2 32 2 111 27 60 5 10 14 77 1
41 13 33 7 157 29 22 4 44 23 87 18
47 9 10 13 25 6 30 10 6 25 41 5
22 13 71 5 126 35 31 17 25 13 207 66
24 11 15 22 51 9 26 6 57 11 70 5
21 1 71 13 25 6 15 1 27 5 19 1
26 15 33 11 159 43 37 25 21 10 121 11
19 1 55 0 118 25 19 13 26 18 130 26
26 3 6 2 207 28 48 20 3 15 134 33
71 9 20 13 92 14 63 13 12 18 60 1
34 14 11 14 113 26 47 6 22 6 72 13
21 3 18 5 219 52 16 3 33 4 135 35
25 1 15 11 79 24 41 11 30 8 126 9
40 5 30 9 52 6 25 11 57 21 18 2
30 19 30 12 22 2 37 7 25 14 152 38
28 5 17 4 194 37 15 2 15 2 60 13
21 17 43 10 213 57 22 3 13 4 102 30
37 21 2 15 110 25 27 18 36 14 139 1
59 21 6 6 113 34 50 9 34 17 150 10
46 9 40 25 119 29 51 12 20 20 85 23
45 16 22 12 48 12 17 13 46 15 13 1
