20 5 12 23 144 16 42 2 28 4 93 17
34 4 26 19 130 41 78 5 10 6 170 39
37 3 18 10 156 43 17 8 75 8 74 22
26 5 7 6 23 6 16 3 21 5 90 28
60 11 35 14 36 1 75 1 8 7 22 5
25 16 47 5 102 12 73 1 8 10 187 29
38 20 15 6 102 14 27 11 23 4 20 1
22 2 18 2 149 44 77 5 15 17 109 1
25 19 12 17 21 3 17 4 16 6 97 16
16 9 62 4 65 16 24 15 40 22 115 23
25 25 11 7 118 10 42 1 19 0 38 5
16 2 33 3 125 34 38 6 26 5 56 10
51 7 8 12 165 49 51 2 23 6 170 39
18 12 19 9 126 14 29 2 35 18 74 6
22 22 34 11 133 15 19 10 64 19 103 29
59 22 7 15 53 9 67 17 8 15 185 41
37 5 31 6 142 18 19 7 15 3 163 31
16 8 30 11 142 25 72 7 24 8 126 15
53 10 39 18 34 10 26 8 15 16 144 37
