15 8 17 11 131 15 18 8 39 7 202 59
24 2 21 5 25 2 59 2 2 7 59 18
53 4 11 4 131 41 34 1 4 0 109 23
62 13 6 9 96 31 34 25 30 10 125 33
51 1 11 4 46 5 43 9 40 6 130 6
29 20 42 13 200 13 70 4 29 15 164 2
35 7 8 14 195 45 32 7 67 5 34 2
28 8 70 4 175 24 70 13 7 13 152 41
47 1 15 1 99 24 19 10 11 8 22 3
63 16 5 17 15 1 43 13 56 13 195 9
74 11 3 4 128 6 75 5 16 10 137 38
23 14 42 18 103 4 15 15 70 14 164 5
87 26 6 7 41 6 27 1 34 2 123 36
52 7 14 20 26 5 28 17 59 12 206 49
30 13 3 18 112 22 30 15 23 13 195 37
24 6 31 8 35 10 23 1 72 1 112 31
32 4 48 23 34 5 60 8 34 7 147 19
76 10 14 18 200 55 21 1 30 3 46 7
45 8 26 23 166 23 21 5 10 12 174 52
25 19 47 19 207 3 40 14 46 12 34 2
82 3 10 5 196 21 76 6 5 12 120 2
