60 1 13 5 110 22 40 3 15 19 42 7
39 6 54 25 208 65 22 2 41 4 176 19
24 3 54 6 204 48 38 7 3 12 162 49
19 3 13 17 18 5 53 1 37 0 85 18
15 9 33 6 18 1 15 3 48 16 187 55
57 3 15 10 31 7 18 4 34 12 204 62
23 2 14 6 28 1 34 14 23 9 132 30
67 13 22 18 91 23 86 11 13 8 60 10
32 9 25 4 184 41 24 1 10 2 37 4
29 8 22 4 97 4 25 6 41 22 80 25
42 3 51 10 22 1 26 2 48 15 50 9
57 25 4 7 71 13 29 1 13 11 102 32
17 1 63 1 191 6 17 10 25 9 31 4
69 6 20 5 53 1 96 5 3 6 28 6
51 7 19 14 83 11 32 8 65 19 159 10
20 13 15 9 103 14 26 7 23 19 209 8
25 1 71 16 47 7 17 1 16 1 205 13
40 3 8 2 159 3 37 10 3 22 65 7
47 12 4 5 22 1 46 9 47 9 136 43
28 5 10 3 119 17 44 12 12 5 113 20
45 1 39 0 146 39 38 18 4 17 34 2
