24 1 13 16 184 17 20 3 32 5 79 9
17 19 41 11 126 33 19 8 45 4 97 27
63 6 4 6 111 5 15 1 34 1 156 5
26 9 38 14 56 16 28 1 3 26 20 3
25 4 6 4 16 1 25 4 17 6 62 13
47 8 40 13 35 8 43 2 52 19 34 4
70 10 12 4 126 32 39 8 53 22 157 32
58 8 25 11 178 42 28 9 2 12 165 39
90 7 9 12 132 16 15 7 33 18 66 19
26 7 29 3 114 19 40 7 20 25 185 46
39 14 37 21 48 3 42 1 42 2 23 6
41 1 33 23 53 1 24 1 39 9 166 29
28 11 27 12 143 15 66 9 32 14 55 12
50 7 15 18 72 10 34 2 14 4 133 14
45 14 20 18 145 6 19 5 29 16 174 39
34 2 37 4 12 2 29 14 48 21 13 1
52 10 28 14 73 5 64 5 12 16 104 33
48 15 21 16 20 5 37 6 8 5 158 4
61 12 21 18 49 14 47 2 24 2 38 8
