32 3 35 11 97 2 28 9 2 6 67 5
17 14 21 5 41 11 38 1 53 9 29 6
50 1 12 3 190 57 28 8 41 8 93 22
27 10 3 6 152 47 16 3 30 11 36 3
17 11 19 12 88 15 43 15 17 5 31 2
29 4 46 21 173 34 30 9 2 12 46 4
44 1 46 0 71 1 23 2 43 2 153 7
17 1 60 22 22 2 34 11 35 14 59 18
17 17 14 16 159 47 35 4 7 10 124 13
56 1 5 12 123 20 26 21 15 11 193 43
72 3 13 4 139 13 83 1 12 1 113 8
27 16 67 19 141 1 67 8 5 10 178 43
21 4 24 6 72 12 76 13 3 7 128 11
27 1 12 2 90 7 18 3 18 17 170 6
28 22 48 15 171 33 20 12 54 13 46 5
18 7 70 18 44 9 27 3 18 7 191 22
56 22 12 11 79 6 29 14 32 20 63 17
38 9 37 22 41 12 16 7 23 21 180 9
84 12 2 21 167 21 44 6 17 3 135 38
18 10 74 11 138 44 53 6 23 5 196 11
