48 16 44 16 23 6 71 8 16 10 91 18
67 13 18 5 92 3 40 1 57 14 109 11
43 14 10 9 94 29 59 8 20 4 38 11
28 18 20 12 36 10 25 2 28 6 156 19
25 12 34 24 52 12 19 16 13 16 82 20
28 4 2 3 87 19 47 1 39 0 19 5
75 1 3 0 143 13 64 1 5 6 171 32
66 12 13 10 37 5 44 15 33 5 155 21
29 3 25 2 141 22 47 1 48 15 171 10
43 1 35 6 110 17 25 1 5 3 177 54
41 16 4 15 121 6 41 16 18 5 156 29
77 12 8 23 52 15 83 1 13 20 91 29
47 11 25 17 187 40 71 1 13 23 212 67
23 1 9 5 135 6 22 12 19 5 118 32
49 1 34 3 200 47 50 1 13 4 200 32
45 11 37 22 214 53 26 8 4 17 23 5
22 1 11 2 73 13 77 20 2 11 203 31
49 7 12 3 112 26 44 3 50 2 87 6
16 2 70 26 108 12 30 25 2 10 183 51
26 3 38 14 61 9 96 2 2 22 62 13
64 10 35 4 175 56 57 1 29 2 219 50
43 2 41 13 196 62 80 2 4 5 80 18
