36 11 23 14 163 25 30 3 10 4 15 4
56 9 27 10 97 1 15 2 70 2 77 1
30 18 39 6 17 1 16 1 61 0 66 14
44 13 48 22 22 4 24 6 39 8 92 11
50 7 4 5 146 11 54 15 25 13 16 2
40 13 59 9 187 4 63 6 3 3 170 30
25 1 62 9 70 21 68 4 22 3 25 7
65 1 25 12 147 20 37 1 30 1 16 3
16 1 24 1 126 30 34 3 17 26 139 4
42 7 53 7 27 7 66 2 21 8 108 23
54 13 43 21 208 50 40 17 12 10 110 12
48 2 30 5 165 44 32 5 25 17 180 21
85 5 2 24 92 28 23 1 65 14 81 26
30 1 37 0 32 8 17 7 46 7 11 2
83 2 4 2 203 39 51 3 33 22 168 31
21 1 34 5 199 31 15 3 29 5 132 29
20 23 78 12 90 17 24 13 11 13 139 29
16 5 16 12 159 49 26 1 7 16 51 5
42 17 21 10 16 1 60 10 14 12 22 6
24 3 22 2 177 3 16 4 68 3 43 7
67 16 9 16 26 6 86 1 12 10 74 18
