26 5 42 10 139 28 46 15 10 22 125 21
76 13 9 7 49 1 22 1 74 10 53 12
25 12 11 7 180 8 57 2 16 19 172 13
56 2 34 19 100 31 41 2 9 9 10 2
37 12 57 18 190 53 59 8 15 6 79 3
30 5 50 18 150 38 25 4 71 10 47 6
18 5 29 18 38 4 70 17 25 10 216 9
33 9 18 24 84 11 22 8 29 17 157 45
16 11 48 8 173 25 84 10 3 8 28 8
29 1 52 1 197 55 24 7 6 13 73 4
27 1 8 15 75 5 50 11 21 11 198 22
34 13 7 5 202 40 36 21 28 9 92 2
16 2 54 23 39 3 32 5 60 20 76 2
20 2 32 22 196 31 30 5 44 12 17 3
67 24 28 12 219 66 20 25 34 7 219 12
21 17 22 13 166 7 53 1 38 1 45 14
56 2 22 4 52 3 34 3 24 6 186 56
24 4 64 5 205 22 41 1 28 0 196 17
34 18 24 6 105 33 88 7 10 17 204 17
47 7 8 15 137 21 42 16 12 16 116 12
25 2 41 21 20 4 63 1 26 8 80 11
18 1 65 0 134 20 38 7 50 13 105 34
