15 5 24 19 26 2 40 13 4 17 85 27
29 2 19 16 86 15 39 1 35 0 96 1
17 12 58 9 153 32 26 4 5 10 95 16
38 12 50 17 138 13 52 3 43 13 113 30
46 2 2 15 98 21 48 3 18 2 50 1
72 20 11 16 44 13 17 6 68 11 51 4
40 7 4 8 100 25 16 2 23 7 30 2
15 4 18 20 116 23 15 5 77 4 166 37
29 16 38 5 163 21 38 11 54 12 86 6
25 19 5 12 29 5 27 4 22 5 131 2
28 15 16 9 104 5 39 20 7 13 109 14
34 1 16 0 155 49 31 12 4 12 90 19
18 4 32 8 112 19 23 5 8 24 18 4
18 1 33 0 14 1 24 5 36 13 142 26
53 5 34 16 67 18 57 13 30 15 62 16
29 4 3 14 42 8 22 10 69 8 161 6
43 12 10 23 118 21 67 5 23 19 109 14
60 7 33 18 76 11 18 5 67 3 24 5
