28 18 2 10 190 1 25 3 7 12 158 13
65 18 14 6 93 3 59 6 2 9 65 2
42 3 16 12 157 8 27 1 32 6 161 6
22 9 29 23 145 14 57 1 20 2 152 2
17 3 34 2 74 4 71 1 21 14 46 6
16 5 51 7 131 40 26 3 18 8 140 43
19 2 54 18 118 34 25 2 56 5 110 4
55 1 39 0 129 8 20 2 53 18 68 10
69 12 10 14 182 12 36 1 16 0 130 13
16 4 41 9 172 10 39 11 24 4 30 5
20 11 12 10 174 29 36 5 23 13 181 11
16 7 29 7 65 14 28 1 19 0 125 24
53 17 39 15 32 1 47 2 43 14 162 30
15 1 61 7 65 2 28 17 51 8 174 47
25 15 12 16 54 4 32 1 19 3 172 38
45 22 42 13 21 2 50 8 26 7 152 48
52 2 8 2 134 13 35 2 5 2 10 1
59 1 14 0 24 2 26 6 49 18 156 43
19 10 50 6 118 3 29 8 12 25 177 40
29 4 46 4 66 8 34 19 2 8 60 11
