36 1 48 3 138 4 44 8 12 6 79 8
21 15 31 8 122 23 41 13 58 18 18 4
85 2 5 20 48 1 67 4 2 25 35 3
71 8 12 10 58 9 26 12 7 16 41 8
41 8 23 11 53 5 56 1 13 6 146 29
42 7 13 16 92 2 17 1 29 1 92 2
26 6 36 16 64 18 20 1 12 11 109 15
29 15 48 22 41 5 36 16 26 8 155 1
69 13 13 20 59 4 56 22 37 11 171 33
32 17 55 19 71 16 29 26 67 7 108 30
29 17 63 16 157 50 16 16 34 21 103 32
26 15 18 21 137 16 73 13 12 10 56 13
31 2 61 18 139 7 31 1 5 0 123 11
46 7 7 15 89 10 17 12 15 23 48 13
25 5 6 3 176 25 51 6 47 3 33 8
36 17 51 10 122 15 42 1 43 0 31 3
75 6 8 10 165 9 32 11 6 10 46 3
30 9 42 12 151 41 55 1 30 0 178 8
