22 1 63 4 198 40 46 3 13 13 63 18
28 5 19 19 75 18 35 9 27 25 180 53
30 6 35 18 174 18 27 8 52 4 141 32
20 1 24 0 83 16 16 2 46 21 83 2
28 1 53 0 78 2 25 2 30 14 141 31
57 21 15 13 202 11 53 1 18 9 45 2
36 14 15 16 88 10 20 7 28 3 201 7
33 11 26 11 10 2 75 5 12 19 100 23
18 6 33 9 46 12 26 1 52 1 31 8
54 2 13 3 76 18 20 6 24 15 70 9
20 19 48 11 111 7 62 1 22 0 158 24
63 12 21 16 48 11 17 2 28 3 29 5
53 23 10 12 89 16 28 3 69 15 65 14
39 6 4 6 67 10 35 5 2 10 122 28
37 20 26 13 114 14 18 5 73 4 168 49
48 3 3 12 181 21 18 3 13 15 81 15
25 16 43 19 62 2 51 3 6 5 34 3
38 7 39 12 166 9 91 1 3 1 36 1
19 7 25 24 51 1 23 2 26 7 30 2
16 2 55 17 202 53 47 1 26 1 183 36
27 6 7 9 93 8 15 15 51 9 169 52
