52 2 29 3 93 18 54 14 6 18 126 13
43 8 33 15 156 7 35 1 6 0 144 15
20 19 74 17 128 15 27 1 16 1 150 26
29 14 9 16 127 16 42 1 23 13 152 39
69 12 21 20 87 28 71 2 16 14 90 18
38 3 43 4 150 41 84 9 7 7 159 42
58 6 5 22 86 22 21 6 40 3 140 12
37 2 24 9 127 4 29 3 29 6 144 11
78 3 3 7 163 18 19 5 19 9 149 34
52 6 5 13 126 16 49 3 48 8 177 8
65 13 7 12 34 10 56 2 14 20 81 18
61 13 27 21 87 11 80 4 9 16 115 2
96 25 3 10 178 32 30 13 35 22 35 1
38 10 21 9 97 15 23 17 27 18 48 7
58 2 7 2 81 22 37 23 24 6 38 2
34 3 49 2 175 16 48 4 29 15 95 25
36 4 5 5 50 2 79 1 4 0 28 1
65 9 29 12 157 19 37 5 56 3 89 20
