33 1 6 9 138 41 46 1 11 3 64 9
47 5 21 3 42 9 15 17 19 8 167 9
19 17 14 20 136 44 23 2 26 2 15 2
72 5 6 17 42 8 63 20 33 6 111 29
27 15 27 14 64 13 43 9 3 21 58 2
15 11 69 6 51 4 23 1 19 3 170 39
93 1 5 1 99 31 40 21 53 11 58 2
34 1 64 1 180 30 35 23 12 12 168 20
81 2 10 9 70 5 42 11 2 11 165 41
16 6 15 13 116 23 52 21 11 6 67 3
15 13 31 23 126 35 20 18 62 10 151 47
28 8 2 24 189 16 22 2 20 14 65 1
25 6 48 19 100 18 37 13 10 9 186 22
45 19 38 8 143 2 16 1 25 0 134 3
16 10 73 22 107 28 50 10 3 9 65 19
46 9 52 15 143 14 29 2 40 3 129 24
62 1 16 2 30 5 52 4 34 23 16 1
61 18 10 18 24 1 15 17 36 20 98 3
25 6 8 26 152 29 62 9 24 4 37 9
