17 2 70 7 63 18 60 17 9 18 171 19
19 1 73 20 177 54 70 8 20 6 81 17
30 5 53 6 50 15 40 13 11 20 61 5
25 3 59 9 65 3 62 3 3 2 22 1
49 10 3 12 47 3 25 14 51 9 124 7
38 3 13 10 98 26 23 6 40 21 99 18
46 11 3 4 72 17 78 16 9 19 87 27
23 4 14 3 79 22 23 1 9 8 177 21
39 22 31 13 76 16 39 14 18 15 172 39
56 1 25 0 92 28 26 2 9 4 136 40
26 1 5 5 20 2 16 8 59 12 31 4
25 4 14 10 152 22 66 10 2 25 113 27
26 2 5 13 116 36 25 1 13 0 74 23
29 9 24 16 60 1 41 1 15 1 82 23
54 7 17 8 135 7 22 11 60 4 123 20
35 2 20 4 33 7 34 8 20 4 69 17
30 9 19 10 76 9 43 7 24 25 144 43
55 2 19 3 81 7 19 2 16 5 63 7
