67 15 16 21 129 27 36 1 51 13 112 29
25 1 27 1 120 32 77 12 10 9 48 3
40 4 52 24 153 17 28 2 69 6 65 4
31 7 49 19 95 14 23 7 10 21 14 1
20 7 12 12 47 5 32 4 24 15 28 3
31 5 68 13 178 41 21 1 43 3 54 17
59 3 28 22 163 39 24 5 54 23 118 1
56 2 7 9 174 33 21 2 36 24 150 48
30 10 48 14 83 22 49 19 4 12 188 29
24 4 9 5 67 11 28 13 15 7 15 3
19 1 42 5 156 4 32 2 13 18 95 28
24 7 38 9 63 15 16 23 80 12 169 40
26 2 33 2 92 11 72 3 17 14 114 5
32 15 14 14 71 19 64 12 10 12 155 43
65 3 3 20 86 6 38 9 4 20 115 27
36 4 8 10 143 18 26 3 12 2 24 6
29 7 44 9 60 2 58 16 3 8 137 10
33 1 36 1 86 6 29 4 8 8 172 35
34 11 28 19 147 24 64 4 34 23 13 2
