16 5 28 21 86 3 19 14 27 7 16 3
42 8 36 6 57 13 60 1 12 22 176 45
22 13 14 17 33 8 19 1 46 1 75 12
21 13 22 16 67 10 48 1 21 3 125 15
20 1 63 1 101 30 30 9 13 17 178 10
26 4 23 9 149 22 54 3 21 21 108 7
68 2 9 20 13 2 77 9 11 20 74 4
43 7 22 14 77 16 35 2 46 3 23 3
49 10 30 22 104 12 86 1 8 7 49 9
22 1 28 2 142 44 19 5 20 7 67 19
24 1 23 1 60 18 44 1 18 3 33 6
43 7 16 8 158 39 88 1 8 1 134 36
31 18 28 18 134 31 37 1 58 1 111 4
23 6 57 5 125 28 59 19 5 19 137 37
35 8 11 23 101 13 53 9 22 7 176 52
26 12 24 10 135 15 31 4 47 12 174 24
59 18 4 8 66 21 47 6 18 19 64 20
32 22 2 6 32 2 38 4 2 10 140 21
