30 11 62 11 134 35 18 8 27 11 186 46
93 4 5 5 96 11 20 12 56 12 185 36
50 2 28 5 194 33 25 2 6 9 17 3
31 5 21 6 45 11 46 2 43 2 52 7
41 1 27 1 65 17 32 4 20 21 157 16
15 1 34 0 17 3 33 2 4 10 14 2
15 9 33 18 202 44 41 1 27 0 56 15
36 8 14 4 141 39 15 3 34 5 92 18
28 2 40 10 22 3 20 1 74 2 206 56
32 1 27 2 16 2 33 7 7 10 109 35
36 8 33 8 76 16 36 12 54 5 51 15
19 14 57 11 190 55 36 12 25 17 95 8
23 10 66 25 102 12 42 2 6 5 113 31
45 9 10 4 115 11 32 15 54 17 48 1
51 2 11 9 147 16 82 3 13 2 120 11
23 3 47 6 41 12 18 1 53 16 24 7
35 12 10 7 163 29 30 9 45 4 15 2
54 7 25 3 188 47 66 9 3 9 21 3
50 21 36 16 83 14 45 1 34 6 206 54
20 1 33 9 160 31 30 9 20 7 72 20
69 18 2 6 156 26 28 10 34 13 41 4
