33 6 30 12 120 32 43 1 40 3 98 10
27 2 7 18 77 6 25 2 54 4 51 16
27 9 71 17 155 16 81 2 4 26 85 11
19 7 36 10 99 19 16 2 70 3 174 36
17 23 44 14 103 20 20 4 45 13 150 15
19 4 51 17 138 12 40 12 49 12 73 22
32 2 5 5 46 2 37 19 51 11 101 16
43 3 5 2 63 3 22 1 9 22 142 40
20 1 58 14 165 40 34 6 65 23 83 21
72 11 5 12 55 16 19 1 61 3 161 41
53 11 7 19 150 18 19 5 34 7 155 33
17 2 72 3 29 2 34 1 4 18 16 2
50 12 2 24 74 1 36 5 37 3 154 5
25 2 8 9 144 20 34 11 24 21 79 17
52 12 19 21 111 15 24 8 26 15 53 6
16 3 38 17 80 25 45 9 6 13 69 16
67 3 5 17 34 10 26 5 18 9 108 27
40 18 2 12 113 18 82 3 12 2 12 3
