24 1 63 2 40 11 37 4 4 26 128 17
24 2 22 25 206 47 19 3 15 4 122 3
15 3 25 6 24 6 27 9 25 4 189 9
15 3 60 23 54 9 68 3 21 18 148 25
33 2 13 14 74 18 22 11 52 6 158 25
15 2 30 11 154 35 41 1 7 0 63 3
37 10 29 6 76 19 20 14 50 19 16 4
35 10 25 18 137 21 41 11 5 11 176 40
60 2 14 2 177 47 39 1 31 2 79 2
23 24 52 10 23 6 47 23 46 9 22 2
42 2 19 4 44 11 18 5 77 15 155 15
49 1 6 11 23 2 32 4 53 5 34 1
39 1 2 0 156 36 34 19 26 17 104 16
40 1 11 1 108 27 26 6 44 19 47 7
18 14 36 19 24 4 74 1 18 1 118 35
29 7 9 15 186 50 52 13 8 13 23 1
22 9 48 20 146 30 34 8 34 25 58 6
18 1 39 25 51 16 17 11 29 15 39 4
27 9 63 15 95 7 24 9 70 18 41 8
19 6 18 13 149 40 22 19 40 19 128 32
23 19 69 14 179 44 31 2 7 3 98 16
