26 12 30 23 68 9 48 19 8 11 182 16
19 11 30 22 108 2 46 6 8 9 66 17
45 7 31 8 187 39 18 3 17 2 61 14
26 3 30 6 176 8 62 1 12 16 31 7
35 8 46 17 143 10 46 1 46 1 98 23
25 2 9 10 171 37 15 5 62 13 60 19
38 1 8 3 183 49 16 8 45 20 81 16
67 12 17 13 123 9 29 6 14 13 54 5
32 2 5 16 69 11 33 8 12 4 148 15
22 3 38 19 181 41 41 3 12 10 34 7
48 1 31 3 60 10 21 14 58 11 107 16
49 1 39 14 73 20 48 5 46 6 199 56
44 18 8 12 35 2 33 3 38 6 81 25
33 2 50 17 47 8 16 7 53 3 181 29
60 1 15 6 100 21 18 14 35 5 169 21
46 12 32 12 33 2 17 8 46 17 117 20
40 15 56 13 35 7 39 5 7 10 196 25
27 4 29 8 51 4 59 16 7 21 198 54
29 4 9 3 126 20 44 3 5 7 92 22
65 9 11 6 14 3 22 4 13 5 120 5
