21 8 62 4 77 22 50 3 4 19 140 34
16 1 14 16 73 8 44 7 8 20 25 2
46 1 18 2 61 5 53 5 5 16 104 5
54 7 22 7 70 22 16 1 19 2 97 10
70 5 23 3 118 34 31 5 46 7 130 19
27 18 47 17 45 8 34 20 46 16 146 27
26 9 28 25 187 18 32 22 11 11 135 1
26 12 4 5 51 13 40 16 23 5 187 7
55 6 23 5 98 26 84 2 12 8 78 5
41 4 27 6 75 2 54 1 26 1 103 1
30 1 5 8 97 28 20 1 29 0 19 4
30 8 21 13 128 3 23 13 47 10 76 22
48 12 16 14 154 13 19 4 25 17 155 7
81 10 13 8 61 11 50 5 25 24 108 15
70 15 29 17 42 4 70 7 22 21 154 47
23 11 29 12 13 3 26 16 26 17 85 7
70 2 26 8 135 21 15 2 28 4 21 1
93 10 4 20 91 24 35 12 9 7 121 9
60 5 17 6 88 19 63 13 13 5 164 38
