31 2 18 2 99 12 49 3 47 14 47 14
18 2 79 6 75 2 62 14 25 18 22 1
73 1 12 1 45 4 57 6 15 23 40 1
33 1 6 14 24 4 81 21 3 9 156 1
27 2 39 13 131 9 29 15 2 9 26 5
60 14 8 7 68 1 25 2 27 2 101 21
37 1 27 7 56 12 84 1 12 3 27 8
37 22 22 15 16 3 36 1 8 3 92 2
78 16 7 8 106 29 32 7 12 16 164 26
74 5 19 12 113 23 25 11 57 8 48 9
25 3 33 5 167 34 37 1 53 1 154 39
18 1 71 3 142 33 29 6 12 13 104 13
68 3 9 6 175 54 19 12 13 5 129 23
65 7 9 7 141 25 51 6 2 5 103 27
27 4 3 20 27 6 31 1 50 0 29 1
39 18 25 6 155 45 27 1 33 0 102 18
33 6 60 20 54 16 19 1 60 8 76 17
21 1 21 1 82 13 90 8 8 12 171 45
