48 3 21 2 127 38 25 7 31 3 86 21
47 1 11 1 67 16 63 12 3 17 118 35
22 9 20 14 64 17 35 1 61 1 113 17
78 8 11 6 72 1 34 12 50 9 149 42
20 1 17 3 124 26 51 13 34 9 26 5
48 7 25 5 34 2 52 7 38 7 152 15
40 3 35 11 40 4 25 8 61 19 90 29
34 14 58 7 37 9 26 1 13 23 140 28
30 1 25 1 53 14 23 12 65 17 175 56
19 6 42 10 143 15 63 3 34 5 87 11
58 3 6 11 135 30 16 4 24 26 65 12
40 11 5 6 112 36 61 3 21 11 135 40
52 14 7 20 52 4 22 5 14 15 161 19
25 15 20 11 35 9 49 1 22 1 153 41
22 3 40 9 135 18 44 3 26 19 96 31
75 1 2 0 18 3 20 5 64 18 182 50
44 1 29 5 121 27 58 2 9 5 33 10
32 1 66 0 60 6 30 18 21 15 97 31
22 6 11 26 142 36 27 5 13 23 121 9
