28 18 10 8 124 36 69 8 23 4 170 24
41 7 35 25 79 25 23 20 19 11 197 30
20 1 23 7 79 16 28 14 9 11 105 28
47 22 49 9 113 9 30 13 4 5 175 25
26 2 17 3 52 11 22 13 68 17 103 18
48 1 39 0 155 32 47 1 8 0 82 17
25 6 10 26 112 35 50 7 20 19 70 1
15 16 19 5 86 25 24 3 37 17 21 4
44 8 26 15 186 54 21 2 10 6 178 39
29 3 3 15 174 29 52 8 31 25 162 39
26 16 4 12 143 19 18 3 15 8 15 4
45 2 30 5 119 14 29 2 28 21 134 14
17 2 27 25 188 2 55 3 42 17 157 50
30 1 68 0 197 41 43 6 16 9 18 3
20 5 17 20 161 43 22 3 65 7 83 25
43 1 35 1 80 19 63 10 7 16 67 12
28 3 10 25 123 39 82 4 11 23 113 4
69 1 19 0 115 2 35 3 58 6 186 49
76 7 14 8 113 7 25 9 16 15 53 6
23 25 9 10 160 46 23 7 23 10 18 2
