41 7 47 21 196 56 58 10 10 13 58 14
19 1 17 1 130 36 15 4 44 6 94 12
42 5 4 14 128 3 90 1 9 0 16 4
35 23 5 12 55 7 16 7 17 25 81 15
48 8 9 20 138 7 15 8 15 16 180 57
53 1 35 1 33 3 31 13 2 18 81 1
33 12 57 12 49 3 39 2 27 3 72 3
16 25 19 10 33 10 43 5 34 6 95 4
50 7 22 24 150 44 36 9 46 9 35 1
16 1 36 15 161 27 44 16 17 19 17 4
30 1 18 13 120 26 26 10 49 25 42 8
45 20 14 15 41 3 30 2 14 15 23 6
29 21 5 11 29 5 68 2 16 13 19 5
17 4 70 12 132 11 48 1 27 3 166 8
46 1 45 4 199 14 61 4 14 10 128 35
23 19 48 12 154 32 38 3 40 11 177 52
56 12 9 18 16 1 24 2 20 6 85 10
23 7 46 16 139 20 50 14 32 11 121 5
64 6 34 8 125 39 26 1 43 1 57 18
41 1 28 1 167 14 57 8 20 20 184 52
