19 8 31 16 64 15 26 3 13 19 93 20
17 11 82 15 86 7 32 2 7 10 119 14
83 9 3 16 126 12 27 4 25 4 58 8
41 3 31 17 16 3 54 1 21 3 136 23
33 8 12 19 209 39 59 21 21 15 62 16
36 1 2 0 162 9 46 19 50 6 99 16
30 1 55 22 108 18 29 3 6 7 33 1
61 3 3 5 198 34 24 1 65 0 128 2
54 6 13 9 182 22 35 14 10 15 110 15
41 2 2 2 178 51 25 6 67 13 132 6
47 4 8 4 142 21 50 11 11 15 85 21
65 2 17 11 182 4 32 5 42 23 27 7
25 7 8 12 105 24 22 18 10 12 57 1
15 8 38 10 205 36 26 15 69 21 61 13
51 19 2 12 100 23 54 5 13 16 137 37
15 6 78 12 164 21 32 17 8 19 50 14
37 1 8 3 147 26 73 6 3 5 163 11
21 5 29 12 52 2 22 11 66 16 11 1
18 20 67 16 171 20 60 1 4 1 30 3
21 12 64 16 200 46 35 6 15 20 11 1
22 14 14 21 181 57 53 17 38 10 82 13
