54 8 33 8 125 27 64 21 23 6 75 12
18 9 13 4 154 47 20 2 22 2 71 8
59 6 14 26 127 23 17 22 20 15 140 27
21 12 26 5 79 22 50 11 47 14 37 8
60 10 4 19 48 7 33 6 11 14 16 4
33 17 48 5 29 8 27 5 24 21 16 4
29 1 63 1 78 3 34 13 55 9 164 41
23 15 7 8 146 18 29 4 68 5 15 4
72 1 18 5 73 16 44 2 23 3 108 19
18 19 12 12 36 9 27 5 56 8 93 5
31 1 14 2 34 4 25 16 59 10 85 9
37 11 6 15 73 10 39 1 34 0 165 30
29 18 10 18 165 20 29 6 4 5 11 2
30 14 7 20 76 17 15 8 44 13 28 7
59 15 7 16 86 10 31 3 8 4 106 20
59 2 7 14 69 10 29 2 4 5 113 15
64 1 22 0 103 27 30 9 46 10 164 25
34 1 26 0 182 31 24 7 11 12 129 20
55 6 19 18 187 28 44 20 30 6 178 29
