81 16 12 8 22 1 36 1 24 0 135 44
32 14 14 12 133 28 24 12 20 5 151 2
34 1 4 1 150 22 39 1 11 0 59 8
19 10 21 24 82 6 21 7 28 15 137 10
37 2 19 11 25 3 33 13 9 17 12 1
16 15 23 11 138 41 33 10 15 6 92 28
30 2 39 13 69 2 22 3 58 16 118 18
26 5 27 8 12 3 59 6 2 9 64 6
21 7 18 14 110 9 39 24 6 12 122 34
54 1 3 8 93 10 31 2 33 4 20 1
17 3 41 4 168 10 45 4 28 6 135 35
63 15 36 20 26 7 35 1 59 0 165 51
37 1 9 21 186 46 17 2 43 2 79 25
60 1 14 0 156 18 21 1 28 11 140 30
45 6 18 13 133 17 40 14 48 5 124 26
33 8 24 10 45 13 35 10 41 4 140 24
70 16 27 20 171 23 29 4 9 25 158 45
40 5 20 9 43 7 83 2 9 3 109 19
60 17 17 12 189 44 41 8 34 10 117 18
