20 3 38 4 185 22 54 1 35 0 100 14
25 1 22 8 147 8 60 24 34 12 195 43
61 1 38 1 159 1 25 3 24 11 139 26
32 4 5 5 44 10 27 1 64 0 69 5
54 10 22 8 110 17 51 1 2 3 85 27
19 3 43 16 122 28 27 3 10 10 19 4
19 7 77 18 15 1 35 1 53 1 56 12
22 5 28 16 133 38 34 4 46 16 41 11
56 1 24 1 18 3 31 8 7 7 11 2
76 5 12 9 90 4 38 2 4 16 135 44
40 1 13 5 122 12 19 5 54 23 108 31
44 7 2 16 138 37 27 7 25 18 49 6
58 14 2 15 53 15 47 3 42 2 101 31
56 6 21 6 139 25 30 2 6 4 114 28
32 5 15 14 183 53 91 4 2 22 46 9
31 1 10 25 60 8 17 2 16 7 125 18
17 2 31 2 26 5 27 12 68 18 77 17
23 20 68 11 12 1 42 2 6 2 29 8
49 3 43 16 166 21 31 3 65 7 116 30
21 9 11 7 164 5 78 2 9 8 121 33
