21 1 40 0 159 41 37 2 3 5 39 4
49 8 18 17 158 21 55 1 8 13 24 5
24 4 23 3 54 4 39 5 51 19 179 47
20 25 27 10 19 1 53 4 4 10 54 15
60 3 18 6 111 36 30 1 7 13 32 5
84 5 11 4 119 12 26 2 46 3 44 6
52 15 36 8 148 47 31 10 28 13 66 21
39 8 14 21 162 45 28 1 28 2 34 6
55 1 21 7 24 3 41 2 2 15 196 17
41 13 42 5 215 35 21 6 76 22 34 7
48 14 33 19 14 3 41 17 17 20 76 17
63 7 27 3 134 2 28 2 37 12 213 22
32 1 43 0 194 11 32 11 55 20 109 23
29 2 3 4 34 3 81 5 14 8 36 1
15 1 22 0 219 3 57 1 7 0 92 25
16 11 27 8 124 34 52 6 14 3 188 45
47 1 12 0 217 32 67 3 28 7 168 32
47 8 20 4 49 5 45 17 39 5 150 31
23 4 11 12 140 34 18 3 24 24 111 28
30 14 35 12 168 23 15 11 37 10 22 5
42 1 16 0 36 10 76 18 6 14 96 15
48 1 26 1 174 1 69 6 26 22 165 45
