83 8 10 6 125 36 44 1 48 12 127 29
23 1 21 19 26 3 43 15 5 9 92 28
53 1 16 7 195 33 41 4 39 3 14 3
25 2 14 2 48 7 25 2 47 8 184 41
31 5 26 8 69 18 32 3 62 11 86 9
44 15 3 5 24 7 84 15 8 9 55 8
21 2 71 21 166 40 20 7 22 17 195 34
48 5 9 18 15 4 55 6 37 13 115 2
17 20 56 11 148 24 53 2 5 9 148 10
22 7 11 3 52 13 26 9 57 18 196 28
16 7 15 17 115 17 20 1 16 1 39 10
39 19 22 17 99 5 17 1 29 12 133 19
23 7 17 17 84 1 90 4 3 23 114 6
58 3 7 11 95 17 23 2 22 11 192 49
21 24 19 12 79 14 64 3 6 2 85 12
59 3 38 12 53 1 29 2 15 17 135 43
73 6 19 18 27 3 68 7 8 3 174 40
85 16 11 15 107 33 34 15 21 13 181 40
17 7 17 22 128 19 20 1 33 1 180 11
25 11 13 6 54 2 22 4 13 10 155 1
