17 16 15 10 105 1 52 9 30 4 11 1
26 4 7 4 152 26 28 5 3 4 56 17
57 7 31 7 122 28 34 5 11 9 44 8
17 7 28 5 88 1 69 17 4 15 116 6
20 6 59 15 179 55 31 1 9 9 29 5
51 4 19 24 64 1 21 10 12 22 68 13
43 1 45 1 115 15 44 9 37 4 50 12
28 10 39 24 132 42 37 2 47 18 118 4
40 1 27 13 42 4 28 2 31 12 14 3
26 4 51 10 56 17 20 11 10 22 19 2
56 1 43 1 20 4 21 1 29 3 41 3
16 2 28 4 30 1 41 6 15 8 68 12
43 3 23 2 68 3 72 2 17 9 102 14
30 12 2 9 105 24 38 7 5 13 153 15
22 8 15 16 59 16 58 9 26 21 148 27
46 2 29 6 15 1 36 14 16 12 19 1
28 3 13 9 31 1 19 8 11 7 30 8
22 1 17 1 56 16 33 3 26 11 170 47
