39 5 32 3 143 38 44 1 20 6 11 1
60 3 38 4 45 8 25 7 14 3 171 46
32 9 45 25 138 7 57 9 39 20 159 15
25 14 43 19 83 19 19 9 64 7 125 39
33 1 55 1 56 16 35 1 12 12 29 5
25 10 29 4 31 9 26 6 62 11 175 15
25 3 10 5 122 1 45 7 11 26 146 24
45 6 49 3 156 4 27 22 14 6 22 2
25 6 23 6 30 1 22 9 33 20 27 8
23 8 72 6 172 1 25 25 12 10 14 2
41 7 22 15 132 38 36 15 5 16 194 53
69 10 24 8 143 30 18 1 33 2 51 9
19 5 17 3 65 12 27 15 3 21 184 37
15 7 30 5 11 1 16 2 65 4 86 10
54 2 39 13 33 3 72 2 11 4 78 16
36 2 17 2 122 8 36 8 7 18 68 12
35 17 46 5 104 28 53 6 22 16 131 29
16 14 18 7 38 8 17 3 54 4 130 35
42 10 23 24 105 14 48 2 18 20 129 21
25 3 11 10 58 12 26 6 45 13 86 27
