24 1 9 5 183 38 24 14 29 9 215 62
23 2 11 18 91 5 25 19 45 11 152 40
40 11 8 15 25 2 18 9 18 22 198 36
55 2 14 6 59 15 55 2 38 16 118 20
30 2 8 4 55 13 74 1 22 1 13 2
17 1 56 2 23 6 70 8 15 20 61 10
28 1 3 2 132 18 33 21 25 13 127 33
46 4 3 26 150 23 59 1 9 1 185 13
18 15 43 16 101 2 15 4 16 6 153 29
39 4 7 22 164 31 37 1 12 8 148 33
36 20 9 9 194 11 28 1 8 0 85 20
21 14 43 21 193 59 22 4 62 5 112 28
39 8 29 11 36 2 15 3 78 17 127 15
15 16 39 13 79 20 27 16 5 13 73 6
57 13 23 17 106 20 57 14 3 19 31 7
29 6 54 23 189 54 22 10 68 13 169 51
24 4 61 8 171 12 72 13 5 7 71 20
28 7 34 3 100 2 53 1 12 2 99 18
34 12 14 5 82 17 38 1 29 14 203 7
23 5 67 7 47 8 21 11 23 16 40 5
39 17 16 10 86 5 45 1 19 1 10 2
25 10 55 6 68 1 21 1 72 2 122 9
