66 1 21 0 196 53 57 1 14 4 62 16
31 23 28 9 194 28 61 16 27 13 89 19
53 1 15 20 176 45 42 3 19 13 165 2
70 1 20 2 77 20 56 4 32 8 141 12
26 8 69 4 92 18 52 12 4 9 103 27
40 6 26 5 180 32 35 4 41 9 149 16
66 3 29 4 60 1 33 19 27 14 32 3
47 10 23 18 72 12 42 3 16 7 137 1
41 3 8 4 205 8 31 12 3 19 73 3
32 23 25 9 73 3 21 3 35 21 214 6
29 13 68 7 87 14 23 14 9 20 15 2
17 13 33 16 180 56 62 4 2 15 146 16
26 4 29 26 38 8 19 8 64 19 144 37
50 24 14 10 167 29 16 13 16 9 66 10
32 4 5 4 19 4 33 5 58 7 10 1
70 2 27 18 18 5 76 18 10 6 200 6
19 1 78 3 15 4 24 2 24 17 41 1
40 4 51 8 30 3 27 13 10 22 145 1
43 13 52 13 157 37 38 1 8 1 119 31
15 4 64 9 13 1 76 6 8 3 114 35
83 4 10 3 150 32 35 5 11 20 85 22
26 8 30 8 67 21 17 14 29 20 89 22
