42 5 31 9 166 51 59 21 33 9 43 1
31 3 24 25 41 10 55 5 40 13 14 2
46 10 2 8 103 4 39 2 26 23 85 27
19 11 14 8 152 40 41 3 40 19 88 2
18 2 28 2 12 3 40 3 42 10 82 3
15 8 64 24 25 6 28 1 13 1 27 7
26 11 47 15 91 5 41 2 32 7 40 4
41 9 4 6 54 9 77 5 16 24 102 6
21 4 15 15 70 21 66 2 33 6 80 6
17 12 18 9 88 26 36 8 21 11 171 24
40 2 32 24 90 16 18 1 25 7 118 4
74 7 17 8 103 18 54 1 5 1 176 33
44 2 8 6 180 14 25 14 27 23 63 18
29 9 42 7 32 7 37 19 31 16 136 8
22 8 27 8 120 19 47 6 51 13 142 39
60 4 36 21 68 6 75 4 14 14 35 9
36 13 8 15 47 9 21 7 33 25 187 34
23 9 69 24 85 24 26 11 7 21 99 9
30 1 29 1 142 1 31 1 12 13 99 26
