45 19 50 11 101 8 15 2 23 26 60 2
51 8 4 12 59 18 36 13 22 5 172 51
70 4 22 12 67 20 26 5 55 8 30 7
80 7 11 9 39 7 72 17 26 16 84 26
53 18 37 15 40 11 19 19 28 19 148 7
16 11 33 22 149 31 20 2 16 2 142 46
29 1 14 3 111 33 57 2 29 8 138 12
16 3 63 13 123 18 79 22 11 9 72 9
25 1 27 0 45 7 23 5 12 9 158 15
17 6 49 18 187 57 29 2 18 13 136 8
26 3 47 2 152 36 60 7 22 10 13 3
18 6 47 5 90 2 46 7 26 13 74 23
20 5 57 8 111 8 25 6 15 5 50 6
36 5 56 3 16 3 70 17 24 5 14 2
27 4 19 9 87 21 23 1 24 0 23 3
47 1 6 26 117 25 36 10 26 13 99 17
16 1 73 3 140 36 29 2 17 3 28 6
75 11 11 19 22 2 56 5 16 18 90 22
25 3 26 4 66 3 34 18 49 8 79 9
