54 16 11 8 28 3 32 1 8 12 36 10
52 3 33 22 169 12 30 5 29 9 113 24
22 6 15 5 30 2 63 2 22 7 97 28
59 16 39 17 102 1 48 6 39 21 38 10
16 13 17 9 104 10 56 5 3 3 33 6
20 4 15 6 55 13 20 13 56 9 80 23
35 1 6 0 142 25 76 23 5 9 15 4
25 1 19 1 78 7 58 11 6 11 123 14
62 18 22 17 116 19 35 3 34 14 26 3
39 12 40 20 53 12 51 14 19 18 161 4
29 9 27 7 149 28 65 17 16 15 111 18
70 21 14 9 93 23 23 14 62 11 135 22
16 14 46 7 191 18 56 8 43 4 122 30
19 3 53 5 178 47 40 1 11 4 167 3
21 16 42 5 187 43 29 7 7 25 171 6
21 12 11 18 183 29 27 4 12 13 72 20
25 2 64 3 99 9 17 12 30 14 41 2
18 3 53 2 175 44 56 2 19 2 40 2
57 3 18 5 55 16 23 3 46 5 58 10
66 2 4 15 37 4 32 8 37 20 113 23
