26 10 24 6 24 6 21 16 33 13 176 30
58 14 3 5 100 21 65 2 30 13 122 32
16 2 21 2 148 23 79 5 13 25 129 12
38 7 40 9 43 11 38 5 59 17 67 6
24 2 18 3 168 4 85 16 8 19 13 3
18 2 19 2 95 6 49 1 24 11 165 7
28 6 12 18 170 44 78 3 13 8 109 30
62 10 30 16 94 15 75 1 16 3 59 13
51 5 4 3 177 20 75 7 8 26 81 7
19 14 57 9 48 11 28 5 27 4 16 4
17 6 52 23 80 9 28 2 29 21 47 12
23 3 28 10 130 7 47 20 44 6 86 21
50 1 2 19 114 17 38 1 61 5 98 11
45 10 50 14 110 19 22 2 29 9 109 20
38 3 44 2 143 8 49 1 36 1 90 2
37 6 25 9 101 20 21 6 35 12 119 31
61 3 33 14 105 13 55 4 24 22 152 41
27 8 60 15 151 46 32 3 16 21 17 2
