23 5 11 20 171 46 19 4 24 25 25 4
36 2 60 2 174 37 19 8 47 21 102 13
25 6 11 10 146 36 17 1 56 0 199 34
42 7 21 3 155 43 43 2 24 2 138 39
28 9 26 13 33 8 53 1 17 8 111 10
20 1 78 5 154 50 24 2 7 4 28 7
29 8 45 23 55 3 25 1 62 4 98 23
79 12 19 10 157 10 34 3 29 2 152 46
52 10 9 22 207 54 37 13 47 21 111 18
15 5 51 8 54 8 60 2 25 11 169 18
57 4 16 3 176 38 24 9 33 6 198 1
16 1 50 14 66 1 43 3 10 23 189 7
33 9 36 7 137 40 44 4 48 16 116 1
32 3 13 18 94 24 18 6 50 14 145 10
46 1 10 0 71 17 29 1 48 2 125 4
43 4 22 4 63 10 55 10 24 8 206 21
46 4 53 24 191 55 22 1 37 0 156 14
44 1 19 0 15 3 37 6 23 13 196 40
56 8 5 11 199 55 54 8 38 11 24 4
46 9 5 6 110 5 31 24 9 7 52 3
23 1 39 1 108 13 35 8 17 22 145 32
