16 1 28 0 203 20 24 1 57 6 201 10
29 1 20 1 206 40 16 14 60 7 204 39
55 1 8 2 39 8 58 8 28 24 170 30
35 15 8 8 105 33 26 6 68 8 74 12
43 1 45 3 66 14 65 1 2 0 83 23
17 17 16 5 190 42 31 4 39 10 73 21
44 1 9 2 143 16 33 3 55 11 58 16
16 11 60 4 157 5 36 1 20 23 63 11
32 1 38 0 55 1 35 7 3 5 17 3
19 1 35 6 48 6 25 1 29 8 27 3
62 5 35 16 189 61 15 2 53 11 89 7
17 3 14 10 54 6 22 4 8 4 81 2
17 2 31 13 47 14 53 7 30 10 118 37
75 3 22 21 10 1 30 1 29 9 181 48
24 16 20 16 97 5 26 4 72 6 22 1
23 3 66 15 196 4 38 3 12 21 91 29
20 6 24 5 110 2 58 1 21 6 187 29
35 12 38 24 188 33 47 2 36 9 199 64
44 19 45 11 118 31 20 2 53 6 121 20
38 1 7 26 58 4 81 5 13 14 44 1
83 11 6 11 85 18 23 3 59 23 118 1
