31 10 27 18 98 3 41 20 3 11 60 18
40 6 22 6 19 3 61 4 14 5 163 49
65 8 20 8 175 22 29 2 4 7 140 17
30 1 17 1 72 20 30 8 8 4 97 15
34 1 3 10 145 44 30 3 18 24 72 8
28 7 7 3 122 32 32 12 40 9 189 20
15 7 56 24 170 39 35 6 7 26 44 12
67 7 17 9 74 8 35 12 31 10 160 18
41 18 20 12 55 12 15 1 66 7 51 13
60 19 24 17 38 5 15 20 34 9 167 20
27 3 6 7 79 16 41 7 25 9 46 2
77 5 11 10 35 8 58 2 23 13 68 16
18 1 30 1 114 2 22 1 47 15 108 34
34 6 14 21 86 27 15 4 44 3 119 27
28 10 35 12 161 46 29 18 16 6 50 15
28 14 57 18 92 3 32 10 3 11 103 22
63 2 35 16 155 21 22 7 11 19 140 21
46 3 5 15 131 28 56 4 5 17 142 41
47 9 7 10 100 21 60 11 31 15 97 19
19 5 79 15 192 48 28 4 30 21 176 44
20 4 78 4 139 22 19 16 68 15 70 11
