53 16 26 16 136 16 16 8 20 18 176 17
29 4 6 4 142 23 83 4 13 6 100 27
56 6 40 5 16 4 15 2 18 3 86 5
37 4 49 9 207 37 62 1 5 14 126 8
39 7 47 3 27 1 18 9 24 4 175 51
32 1 34 1 179 33 15 2 78 2 155 10
17 4 18 11 184 39 20 2 37 2 199 27
17 5 55 18 73 18 21 8 32 4 202 44
77 13 3 13 203 16 39 5 18 25 64 17
18 25 67 10 101 11 18 1 18 24 199 13
50 2 26 23 204 20 27 2 66 5 122 8
66 2 28 20 162 32 24 16 49 8 85 4
66 2 26 22 45 6 67 4 20 3 199 57
63 19 20 16 40 6 18 1 15 1 160 46
24 6 16 6 66 13 26 8 4 18 42 1
51 2 6 2 199 49 27 1 5 2 181 9
74 12 4 18 49 4 27 6 6 15 140 42
29 8 13 4 18 3 83 1 2 0 35 8
64 15 3 5 185 18 50 9 10 9 187 12
51 5 14 13 111 7 38 16 43 21 30 4
56 8 31 20 165 8 69 12 4 21 153 22
