63 9 5 12 41 3 29 1 29 2 89 5
24 9 18 22 128 30 43 4 5 19 175 27
40 6 57 19 21 1 25 11 6 14 165 14
56 12 32 19 179 13 56 14 25 11 184 55
30 1 10 19 39 2 35 17 48 18 61 1
44 4 16 11 181 54 56 14 28 9 17 2
21 19 26 16 177 54 30 15 6 11 67 12
25 13 21 10 49 3 88 2 3 5 11 2
26 15 32 11 176 46 35 9 5 13 102 20
76 5 8 24 46 10 43 1 51 4 149 21
24 15 15 17 127 19 25 6 26 13 84 3
68 8 28 11 167 42 38 4 16 4 136 37
56 3 24 8 89 21 71 2 22 3 59 10
43 2 5 15 51 13 31 1 10 19 39 4
24 15 33 13 88 14 38 4 28 10 52 8
28 8 12 16 171 19 26 4 44 9 63 10
62 2 21 4 33 2 18 4 16 6 61 12
20 1 11 11 23 6 33 6 46 26 86 15
18 6 27 22 40 5 75 3 3 5 58 4
66 16 27 5 149 15 40 18 38 12 166 22
