54 2 45 3 52 6 18 3 17 15 168 38
74 2 15 5 147 4 31 5 56 8 44 10
23 19 74 14 40 5 30 4 8 14 106 10
34 23 48 14 38 9 22 7 9 17 145 22
50 7 18 18 23 2 30 4 23 22 91 25
16 16 79 15 158 35 21 13 25 21 54 17
39 13 13 12 163 23 73 4 14 25 34 8
74 15 11 16 163 39 19 2 51 12 55 10
78 1 8 12 81 7 33 10 9 4 121 20
36 10 42 21 165 15 86 16 2 20 99 5
72 1 21 10 120 2 18 18 69 8 42 9
88 23 5 12 67 11 24 14 12 12 170 22
22 8 25 18 50 4 18 6 43 9 13 2
38 4 20 15 178 29 36 5 22 15 58 10
60 4 10 24 144 34 18 3 12 13 155 7
30 1 2 5 19 4 48 13 23 10 31 4
46 1 18 2 163 34 28 6 43 6 48 12
21 6 9 6 130 7 17 6 25 3 166 3
