47 7 27 3 43 6 70 1 21 15 173 7
31 2 17 2 132 11 29 7 39 26 142 16
32 2 8 11 37 6 59 21 17 6 18 3
54 2 42 3 22 5 34 25 15 10 133 27
20 2 30 4 153 48 40 3 7 6 176 3
34 3 4 6 166 13 15 7 27 5 48 10
26 13 19 22 165 40 21 8 40 8 162 10
70 5 23 6 131 21 24 1 44 0 182 54
48 3 42 2 40 12 43 12 32 9 202 16
45 9 9 16 57 7 56 16 8 17 95 14
36 4 42 3 34 1 55 9 32 15 147 26
30 7 51 8 203 65 39 4 24 23 166 50
18 7 37 5 35 10 26 9 52 7 158 50
26 12 52 5 192 34 33 8 2 16 109 9
22 9 72 6 113 36 31 12 46 20 132 42
41 6 34 26 39 9 26 3 64 4 185 59
31 1 49 1 173 44 28 5 15 3 120 11
59 3 29 23 195 19 30 20 49 6 49 2
25 5 20 19 165 47 22 7 45 12 28 6
52 1 9 4 12 1 56 15 5 22 56 6
68 1 22 6 176 34 21 5 43 18 143 38
