49 9 21 24 105 8 68 9 2 12 126 28
15 4 35 9 74 14 47 10 17 16 64 19
24 26 13 7 199 23 30 1 10 1 77 9
25 2 6 13 153 3 15 22 15 13 115 20
55 4 19 9 88 27 18 16 18 10 76 7
31 4 28 13 146 31 19 18 48 15 76 7
49 4 21 12 130 36 33 1 9 3 126 40
55 4 2 3 121 20 38 13 2 5 81 9
30 10 20 9 10 2 52 6 15 16 48 6
61 19 28 12 194 22 23 4 8 14 12 3
64 1 32 4 76 22 68 1 6 0 33 3
45 1 21 1 126 6 47 7 46 19 195 51
19 4 12 18 90 11 31 6 62 6 81 19
34 3 33 24 91 12 58 1 41 1 37 6
33 12 27 21 127 33 57 5 2 4 10 2
90 9 7 17 187 45 31 2 26 6 104 24
42 11 17 20 77 17 46 14 53 21 173 24
18 11 13 14 114 23 51 14 27 7 126 22
48 1 49 4 14 1 17 9 53 16 179 17
88 13 7 13 93 12 27 3 5 19 186 25
