36 8 23 25 83 14 16 14 54 14 59 12
36 2 13 3 32 8 48 9 3 14 96 31
52 9 8 24 16 3 38 13 13 9 84 3
21 12 59 9 89 26 24 2 45 6 115 25
36 2 31 12 128 22 67 19 3 11 133 13
69 8 14 7 174 23 34 20 32 13 60 11
48 2 47 16 126 40 32 1 37 1 82 1
34 3 20 19 121 24 26 11 5 19 40 1
29 1 12 0 145 28 29 1 5 3 108 17
21 4 35 10 128 30 16 3 27 9 67 9
30 3 15 6 28 8 27 2 24 4 177 28
73 15 22 8 129 35 22 2 70 10 16 4
33 2 5 4 93 5 29 4 8 5 101 18
18 3 47 4 25 3 48 16 6 12 59 13
28 4 27 6 88 11 46 16 19 5 113 10
74 1 5 20 35 3 35 7 46 10 45 12
47 1 3 3 106 26 55 7 15 25 121 30
55 1 11 8 143 36 47 7 17 24 186 15
28 2 32 4 44 3 56 5 28 20 80 4
