26 20 31 11 145 9 40 4 41 6 87 15
29 15 50 16 148 48 29 2 15 21 73 15
21 17 9 10 174 57 66 1 11 3 83 8
61 7 4 17 61 12 16 4 37 5 126 27
15 2 70 6 16 3 42 6 57 24 81 6
57 14 12 23 179 55 45 11 3 20 172 43
45 16 45 5 89 12 27 19 14 17 30 3
49 7 11 8 95 13 42 20 18 11 166 30
84 2 9 2 110 1 20 1 15 0 83 12
43 3 24 26 57 3 68 2 30 10 32 9
16 12 53 7 127 13 20 2 73 14 14 3
41 12 29 17 73 18 20 14 43 11 107 28
38 1 3 1 156 44 23 1 61 2 56 13
36 1 7 2 126 30 37 2 30 5 21 4
63 4 26 12 62 6 49 4 21 3 132 38
37 5 2 6 178 18 20 1 27 3 101 28
49 3 9 9 49 13 45 15 4 8 173 8
18 7 43 24 81 25 34 2 62 4 19 3
