39 6 13 16 95 24 69 1 4 2 117 20
28 4 21 26 46 5 49 1 10 1 24 3
28 1 44 2 88 1 52 10 32 11 50 3
41 1 46 1 120 36 21 3 16 6 122 21
35 3 14 17 60 2 24 3 31 2 67 4
16 7 18 8 76 10 38 11 7 8 22 1
38 11 13 8 165 43 79 18 13 14 40 3
20 1 75 3 15 4 25 12 16 24 93 12
43 3 6 9 155 35 20 13 42 12 84 25
57 16 21 8 79 20 72 19 26 14 160 31
24 1 25 7 155 45 22 3 10 4 77 11
23 1 61 1 43 5 77 5 7 17 53 1
25 1 24 23 87 28 26 18 12 10 159 47
41 22 7 9 134 22 33 8 15 4 10 1
33 3 59 20 113 6 52 10 19 22 69 10
62 2 17 2 65 16 56 3 13 20 12 1
37 6 52 9 141 14 15 7 36 15 117 28
55 5 2 7 86 18 17 5 34 9 111 15
75 1 15 1 92 14 29 3 6 19 163 14
