24 17 33 15 76 8 37 2 44 3 23 1
52 4 25 21 18 2 19 5 15 4 23 4
30 9 3 21 45 7 15 2 67 3 154 16
41 5 43 8 143 3 58 16 13 8 118 27
64 2 27 4 115 1 42 1 29 3 160 34
52 5 2 16 128 13 35 7 26 22 118 4
23 2 13 11 53 11 47 12 52 21 157 25
30 2 22 2 89 5 75 1 24 24 34 1
54 2 14 8 13 2 38 4 34 24 48 9
30 7 12 16 177 36 25 4 40 4 18 2
36 2 41 3 132 34 51 10 43 6 84 4
28 7 66 12 100 32 54 1 45 0 162 11
25 1 21 5 93 3 16 15 24 21 64 11
88 15 2 22 103 20 24 1 64 7 42 13
59 8 8 23 95 25 45 7 18 12 92 26
23 4 26 4 155 2 45 10 2 18 61 16
15 4 83 10 66 11 27 1 7 2 108 30
19 7 32 12 98 3 17 4 48 16 40 3
