15 2 75 5 106 10 15 7 24 17 110 16
28 12 31 5 67 10 25 9 24 16 116 30
25 4 46 6 132 7 67 16 21 16 165 34
79 15 16 21 47 6 26 2 17 19 184 20
30 1 3 0 103 13 72 18 2 18 25 2
52 16 25 10 181 29 32 14 3 11 58 2
28 3 6 14 75 18 35 10 16 6 124 35
81 1 16 10 152 29 18 11 41 23 144 43
31 4 4 3 134 35 35 8 22 17 29 3
31 4 19 14 103 11 62 3 21 8 89 15
66 10 28 11 113 5 43 5 10 4 147 39
34 6 3 3 20 5 30 10 3 18 161 7
37 5 10 21 185 51 65 14 24 19 124 23
40 17 45 16 29 3 32 16 2 8 139 12
24 1 63 7 79 15 38 15 24 13 57 14
22 8 13 24 152 39 34 4 36 9 157 24
20 12 51 9 49 10 30 1 32 4 92 18
61 7 30 12 66 10 19 4 44 3 83 4
77 2 6 2 87 13 75 6 4 19 137 44
30 4 5 17 118 17 34 2 39 3 104 15
