29 9 63 18 76 7 19 1 74 7 106 20
54 7 18 14 106 9 26 8 7 23 47 12
41 1 15 0 59 12 34 12 30 16 26 2
34 1 5 7 177 56 40 11 4 10 186 38
51 11 12 22 161 31 19 7 17 5 189 6
51 5 9 18 91 28 91 2 6 21 127 15
74 17 12 5 17 4 75 17 7 20 82 26
36 2 19 17 133 13 53 19 8 11 155 45
20 13 50 12 153 16 63 12 23 18 140 45
53 2 20 9 83 22 46 6 5 12 42 1
41 1 3 4 42 9 26 2 11 4 70 6
35 6 2 12 87 16 24 3 27 7 13 2
68 3 14 4 134 22 31 3 3 8 34 4
33 1 16 1 188 26 52 10 21 17 37 1
15 5 20 20 89 3 16 2 42 26 169 43
57 1 36 21 149 12 54 20 19 6 147 36
21 4 22 14 142 21 56 1 30 2 54 3
18 3 20 19 66 13 31 5 68 4 164 18
41 16 4 19 157 26 40 3 12 4 157 48
52 7 5 12 177 58 49 13 39 18 41 4
