30 7 4 10 111 34 15 5 16 4 125 2
34 2 60 9 32 9 32 1 19 17 72 23
33 1 4 21 21 3 16 17 80 8 116 29
35 11 45 12 163 3 92 7 2 16 71 16
16 1 74 16 100 20 17 7 45 8 162 9
23 16 10 12 85 18 31 2 25 14 73 2
45 4 29 11 85 15 33 8 24 17 107 30
30 20 62 11 97 1 39 12 11 18 140 3
85 2 6 7 44 1 50 1 14 1 76 16
37 7 18 7 114 4 56 4 11 22 95 22
28 2 6 5 84 3 22 21 10 13 102 8
21 3 32 4 162 24 61 14 9 11 119 8
50 6 49 5 88 7 35 10 49 4 124 27
81 5 5 10 183 32 77 4 10 3 104 18
37 11 12 15 34 4 26 17 45 12 116 35
15 2 73 16 25 3 19 11 42 15 40 3
33 1 16 0 141 12 33 2 57 18 185 60
48 3 2 6 82 3 23 2 52 2 145 24
50 24 14 12 18 5 27 10 47 21 21 2
27 8 18 24 74 14 45 1 29 1 27 7
