22 8 19 19 18 3 34 5 63 4 113 32
38 2 7 12 185 37 19 4 41 9 172 36
39 1 21 17 91 9 36 24 12 12 151 31
16 4 27 4 83 2 19 1 68 18 81 7
29 1 31 3 24 4 49 19 22 6 22 2
43 1 29 5 115 37 24 2 49 9 14 3
80 23 6 6 97 31 46 1 47 5 135 5
66 2 31 24 181 23 55 5 18 12 172 56
32 1 6 3 95 13 27 1 9 0 67 6
87 7 7 16 158 35 28 2 4 7 103 14
26 17 28 5 137 16 57 13 7 5 102 6
29 16 2 20 56 17 31 12 22 12 123 19
55 9 40 25 114 31 27 16 32 21 25 3
33 4 4 19 98 30 49 2 38 4 10 1
54 15 41 22 119 35 85 4 6 4 153 28
38 2 9 25 100 24 22 1 10 1 58 2
21 3 31 5 29 1 45 4 13 3 188 55
18 1 53 18 160 11 35 18 39 10 175 33
42 2 22 2 96 31 21 13 62 5 156 49
