22 18 46 12 13 1 35 1 15 7 167 53
56 4 19 4 52 2 23 5 42 26 93 11
58 14 39 11 53 4 90 2 2 22 32 1
43 2 19 25 125 2 53 1 41 0 150 31
36 12 22 20 103 28 72 20 11 13 34 1
33 3 16 10 16 3 30 10 15 9 157 43
23 20 12 9 146 19 15 6 78 13 134 21
62 1 17 0 104 5 37 7 37 8 45 13
68 7 4 18 26 6 16 3 67 5 90 1
29 1 27 5 55 13 16 7 27 17 167 15
53 1 18 5 87 16 25 7 36 14 120 2
46 13 23 5 127 36 76 2 16 14 54 14
25 1 19 1 87 17 44 20 34 18 62 6
32 14 5 14 105 23 23 1 67 20 179 12
36 7 10 5 148 37 16 8 30 20 133 5
42 9 29 18 176 44 50 9 32 23 51 6
43 5 35 9 80 18 41 3 17 11 71 9
16 4 50 4 170 8 16 5 26 8 139 36
