19 1 13 18 146 28 70 10 25 9 123 37
24 8 8 12 166 43 38 14 24 9 185 40
16 2 18 5 52 9 18 5 42 7 127 31
77 2 14 3 91 1 55 2 20 6 88 4
44 13 13 12 108 6 77 5 14 9 187 23
80 1 12 0 37 7 39 3 19 7 26 4
28 15 3 13 145 42 41 5 2 3 173 31
39 9 40 7 138 33 20 3 50 6 78 20
31 3 67 8 20 1 38 13 10 7 142 28
15 6 80 6 114 34 62 11 15 19 82 16
31 20 12 16 56 17 85 1 10 0 32 5
40 2 18 3 131 32 66 2 30 3 80 10
27 3 50 2 107 25 18 8 28 24 115 26
59 6 27 10 84 14 25 1 12 0 182 56
49 1 18 7 136 29 25 2 25 3 194 11
16 15 24 5 102 3 31 11 41 17 107 6
35 1 31 3 167 14 46 1 51 2 103 21
43 3 6 6 117 33 50 1 13 1 142 15
29 5 20 12 34 8 56 14 32 16 116 2
45 7 25 19 20 4 29 16 5 19 187 48
