81 5 2 22 146 12 15 2 15 17 37 2
25 7 17 24 152 24 35 1 42 24 187 42
43 1 9 4 192 24 25 4 13 10 188 41
20 1 12 18 182 55 45 1 22 1 53 5
22 14 38 16 102 31 46 11 25 8 172 11
80 5 5 6 72 20 16 12 39 10 183 52
40 3 7 9 189 17 20 1 21 10 170 18
26 8 14 11 106 6 52 3 38 18 77 13
69 8 9 18 146 20 24 7 8 3 163 6
25 4 5 16 174 23 73 6 10 19 12 2
15 14 18 7 97 13 61 13 36 15 70 12
36 12 37 12 66 4 30 1 43 9 46 12
84 2 2 8 83 19 41 20 45 9 123 2
17 1 76 12 102 30 29 5 13 8 166 1
21 8 47 4 132 2 41 12 11 7 180 53
39 1 14 0 162 22 32 7 6 9 12 3
19 7 27 5 44 13 27 13 47 12 98 27
72 14 27 20 118 7 22 2 24 14 180 39
46 14 33 7 25 4 46 21 23 13 67 16
35 3 25 7 107 3 15 2 62 5 49 9
