29 4 24 9 89 23 77 21 13 6 55 5
47 16 8 19 73 22 33 14 22 16 126 7
21 15 30 13 118 3 18 11 69 23 123 15
23 1 18 1 121 16 34 14 18 16 131 34
23 5 65 3 49 9 22 4 25 3 209 49
71 14 2 21 214 48 62 1 14 2 67 9
21 11 23 12 35 2 45 2 3 7 17 2
23 10 17 4 90 13 53 19 42 11 147 25
19 15 27 14 210 59 26 1 58 1 213 36
39 3 12 9 102 31 35 13 21 10 113 36
50 8 44 21 165 10 42 15 44 11 214 32
17 3 28 16 22 2 36 18 26 6 205 62
51 12 10 23 74 21 44 1 21 13 22 4
52 5 15 14 85 20 26 1 45 1 218 7
20 10 38 17 163 31 25 7 54 8 24 2
58 6 3 14 135 30 47 16 14 21 20 2
77 10 19 12 124 27 19 3 28 2 176 9
29 4 61 17 21 4 54 5 37 13 129 31
49 1 31 2 212 43 18 2 48 24 45 11
18 10 27 4 131 25 51 1 37 0 45 4
66 2 23 20 190 21 36 5 15 8 61 12
30 11 58 6 157 41 54 10 19 20 142 26
