21 6 59 15 144 35 35 3 53 17 197 21
65 8 7 6 50 15 34 5 37 8 114 11
30 12 68 23 112 19 40 17 13 12 108 23
40 2 25 22 171 36 38 1 8 1 89 8
29 21 4 11 197 40 55 1 43 23 35 3
23 21 36 15 151 1 25 7 31 14 152 20
30 20 69 16 141 40 18 11 29 14 26 3
46 6 42 3 23 2 33 2 5 3 165 14
57 10 19 9 142 4 17 4 34 6 15 4
27 1 11 0 180 16 44 3 22 8 144 13
94 8 4 18 13 1 25 2 35 3 172 27
36 15 24 18 149 35 18 3 54 9 107 28
48 9 8 4 172 22 21 11 24 6 32 6
19 11 35 8 147 17 79 23 3 14 47 2
36 6 21 5 55 16 48 2 20 4 68 13
66 8 7 12 198 6 46 1 14 3 106 9
41 8 38 12 19 4 73 4 15 4 160 33
56 4 12 22 87 9 15 2 22 17 198 51
29 1 7 2 85 16 74 1 16 17 195 42
48 7 33 14 99 18 62 1 15 0 38 8
20 7 13 19 92 25 21 1 17 2 163 51
