23 1 31 0 200 62 56 4 27 20 35 4
38 6 37 23 120 29 57 3 38 14 19 4
46 11 2 8 207 14 27 19 14 8 95 10
42 3 24 23 143 2 16 5 32 13 101 11
87 1 12 1 10 1 20 11 10 17 28 2
17 3 32 19 207 37 19 25 15 10 204 41
36 12 28 21 93 21 19 1 27 4 105 3
50 9 17 13 191 23 29 1 6 1 183 30
45 1 24 0 90 7 16 6 23 24 48 12
44 3 28 16 14 3 32 2 62 6 143 37
20 8 68 4 92 14 49 1 23 10 50 6
19 3 12 6 203 26 78 3 4 12 124 37
80 13 3 15 118 23 40 9 58 6 209 39
20 1 30 10 138 11 44 1 17 3 65 8
21 6 12 22 44 3 38 7 11 20 191 49
31 1 15 2 183 22 44 6 19 25 186 26
22 11 52 12 106 10 35 1 31 25 157 11
79 18 18 6 92 3 43 1 6 3 146 39
68 2 30 3 155 23 24 5 12 20 75 19
61 1 3 5 193 46 37 6 9 10 13 3
57 3 24 16 13 2 26 3 14 26 64 17
