72 8 18 22 181 24 15 16 35 20 71 7
58 2 41 2 54 14 56 17 30 13 91 13
27 9 19 7 172 19 15 7 41 10 152 47
32 1 3 1 156 1 35 1 31 2 46 14
47 16 4 10 182 31 89 2 7 6 109 6
35 14 53 7 144 14 38 1 3 1 16 2
40 11 52 23 81 15 18 1 20 16 142 35
26 2 4 4 145 20 44 1 24 0 31 1
44 16 14 8 176 44 50 5 44 15 36 5
18 1 48 4 51 7 51 13 41 13 156 26
29 1 49 0 97 11 23 13 57 20 111 26
18 9 33 10 129 30 71 14 15 7 135 7
23 1 8 1 110 34 43 4 54 17 104 14
38 1 30 0 151 19 33 1 10 9 59 18
91 12 3 19 67 14 28 11 4 10 68 13
26 14 41 7 17 3 44 2 10 18 93 23
55 2 7 2 138 21 38 1 57 0 83 24
31 7 11 8 78 17 20 11 50 4 45 9
22 12 12 9 157 46 44 1 30 1 28 1
