87 22 7 6 86 18 30 24 37 10 14 1
31 4 14 6 144 37 23 15 25 16 138 22
60 1 29 24 187 36 19 13 71 18 38 9
39 9 5 17 79 8 20 2 14 3 37 6
34 6 56 5 165 42 29 11 45 20 178 14
36 6 12 3 98 3 21 8 9 15 122 16
42 1 14 2 159 42 50 6 25 23 38 11
45 1 21 0 93 21 15 2 36 2 14 3
36 1 53 2 196 30 40 8 22 7 92 6
18 5 33 3 125 27 34 18 55 12 126 1
43 16 22 15 124 4 58 4 5 12 185 26
33 18 34 10 21 5 73 7 8 21 35 3
54 1 27 17 110 21 29 16 51 10 31 2
20 4 62 9 129 31 22 2 16 9 79 19
19 1 12 5 55 15 65 13 16 10 92 23
48 7 27 18 94 28 43 4 2 25 100 5
88 5 10 13 135 18 40 1 14 1 184 22
32 1 62 10 191 17 56 2 32 3 98 11
25 26 39 7 197 10 32 1 14 6 80 23
55 18 25 17 46 1 79 5 13 9 110 17
