52 8 15 17 36 8 29 1 42 0 50 3
37 5 24 3 91 26 22 13 11 18 80 12
39 1 32 20 68 10 29 7 40 8 47 9
24 10 54 18 19 2 83 12 9 9 149 46
50 6 40 9 71 13 34 1 31 4 43 9
75 16 22 5 81 22 32 5 37 4 200 52
58 10 28 6 12 3 34 10 4 6 69 12
44 19 27 11 91 12 53 4 14 3 169 25
33 3 17 10 15 2 55 18 11 12 94 10
34 14 34 7 128 10 28 2 24 2 204 38
67 3 5 14 191 1 75 5 16 24 86 6
21 20 20 15 133 41 72 13 16 18 55 15
35 12 56 5 160 32 19 1 72 1 104 2
38 3 32 8 136 39 24 6 20 8 138 11
26 8 36 20 85 21 30 2 11 13 134 23
34 3 61 2 52 16 29 15 26 8 128 11
27 2 7 10 138 20 16 1 20 1 98 8
25 6 28 9 205 46 75 8 11 13 160 14
25 13 10 15 113 18 24 6 19 3 10 1
24 4 7 6 207 19 67 8 30 22 102 23
20 23 34 12 52 16 43 17 10 15 106 30
35 6 2 15 157 34 39 1 44 16 82 26
