44 10 36 8 62 4 35 1 22 1 85 6
38 20 57 18 148 21 24 1 9 16 57 7
23 5 50 14 54 4 46 17 39 13 57 8
25 1 31 1 50 13 22 8 15 20 27 8
16 21 47 16 88 21 36 6 42 9 68 11
28 1 14 1 48 9 37 4 48 8 177 46
49 14 20 12 95 8 53 3 29 2 128 24
29 2 25 17 99 5 32 6 28 9 13 2
34 9 12 18 34 3 34 7 37 18 135 3
35 5 3 9 51 16 27 3 67 25 178 13
62 14 33 12 152 25 17 1 46 15 68 21
68 9 5 14 99 8 34 15 3 18 27 2
21 3 67 5 94 9 57 4 20 21 122 32
32 7 43 12 159 18 36 2 4 8 11 2
23 4 66 9 30 2 23 12 15 13 135 11
28 4 11 3 152 36 46 14 8 11 88 17
63 1 18 16 25 6 18 13 40 10 36 4
20 17 23 12 178 20 33 6 10 11 33 1
