20 6 48 10 112 16 23 11 57 10 139 43
51 1 23 1 89 8 32 2 6 13 43 5
60 17 6 8 91 8 27 18 17 10 72 13
71 19 2 11 33 4 89 8 2 6 143 23
27 7 25 3 108 9 17 8 23 11 13 3
31 12 52 18 84 5 37 22 17 6 12 2
19 16 70 8 30 5 24 2 18 21 137 26
44 20 10 9 51 14 53 1 19 4 152 20
50 17 10 12 37 3 29 3 54 7 99 28
51 9 4 17 116 16 30 8 10 23 18 5
56 13 13 12 21 5 42 7 31 24 23 5
46 1 29 0 184 35 20 1 11 2 177 34
21 6 55 15 173 17 41 4 53 5 183 52
15 10 41 4 82 7 25 10 58 4 92 2
26 2 23 16 76 20 50 7 7 5 21 3
53 2 5 2 96 26 18 18 23 15 107 22
21 1 11 2 56 15 35 1 40 1 161 40
30 5 25 26 183 5 57 23 38 9 21 3
34 3 50 4 25 3 24 3 12 17 167 53
