32 3 5 4 167 24 70 15 26 13 111 26
22 12 27 10 119 8 20 18 31 15 43 10
47 16 47 5 148 23 47 3 16 5 55 14
35 1 4 0 72 7 43 10 26 4 81 6
50 1 46 1 66 21 27 10 24 4 179 51
37 9 47 12 74 19 35 7 5 16 165 38
39 20 23 11 56 8 20 17 21 16 27 6
62 18 14 14 172 7 44 3 24 11 98 21
73 1 24 2 66 4 33 8 25 16 24 3
66 2 11 11 37 2 44 1 30 1 20 5
26 18 54 18 138 23 66 1 33 5 70 10
38 21 18 6 104 8 66 4 10 21 130 23
32 6 6 5 102 17 35 1 48 23 103 6
43 14 6 16 89 11 20 14 17 16 19 1
57 11 29 8 35 7 27 7 35 20 159 43
35 3 7 18 125 40 18 5 40 3 93 24
16 12 25 9 168 29 19 3 57 25 104 32
15 8 44 4 119 32 18 3 29 4 59 16
