44 4 8 17 32 7 21 8 20 15 117 2
71 1 21 2 100 29 48 12 9 7 63 6
22 7 34 9 134 18 29 1 7 16 25 6
26 9 13 20 117 10 23 2 17 4 183 29
31 2 63 5 130 27 22 19 66 17 150 47
53 3 21 16 40 7 35 3 3 4 188 52
49 6 15 21 112 20 51 8 29 8 77 8
29 3 16 4 26 3 75 3 10 11 64 12
51 2 28 11 82 10 20 8 60 12 22 2
47 2 31 7 164 19 29 1 12 2 157 46
29 17 42 5 110 12 61 3 35 7 178 7
28 13 8 22 119 22 25 1 6 1 67 11
64 5 24 3 93 21 77 16 12 21 71 11
25 9 26 22 68 6 45 1 12 5 128 35
24 17 15 10 156 19 23 21 10 9 121 3
61 8 16 19 96 9 16 1 76 1 174 35
52 2 9 11 77 2 25 1 25 3 151 17
38 3 13 6 176 37 27 1 15 1 50 9
22 1 32 1 169 15 42 11 22 22 135 6
