27 11 8 11 189 42 50 19 2 14 44 1
33 10 50 6 41 5 35 3 49 17 85 19
50 14 31 18 43 9 19 1 14 6 66 14
56 5 8 4 146 10 43 13 41 12 118 36
22 9 22 9 80 10 67 4 9 6 109 24
30 14 27 5 35 4 26 17 16 16 132 43
40 2 48 10 185 15 30 7 23 10 157 34
55 12 28 16 44 10 47 1 22 1 189 16
34 2 21 24 44 10 36 1 3 2 13 1
52 5 5 4 167 53 24 9 16 13 181 30
59 1 37 17 146 34 33 3 27 21 63 6
32 13 46 12 141 1 36 5 43 17 168 43
26 1 51 9 160 40 40 5 5 25 165 14
18 1 43 11 108 7 22 7 15 14 161 6
91 3 5 18 163 53 56 5 36 20 131 27
39 8 10 7 81 8 75 1 14 1 28 1
41 6 31 9 23 6 58 6 9 22 113 3
23 5 25 18 59 3 26 1 31 1 26 6
23 1 52 0 144 9 16 3 66 2 27 6
