33 7 3 3 117 29 67 1 14 2 174 32
16 5 14 7 193 24 21 10 66 21 47 5
55 1 31 1 182 34 26 9 5 12 84 1
82 11 13 24 35 2 31 8 4 13 169 55
18 14 25 5 100 17 27 6 36 26 48 5
43 1 44 3 85 26 28 3 11 26 143 1
18 21 20 11 197 48 46 25 28 10 125 22
35 3 55 7 184 4 38 8 46 8 38 7
50 18 33 20 86 25 38 13 56 22 207 22
50 8 3 6 122 26 47 16 29 17 184 30
39 14 47 21 28 3 22 2 38 19 203 21
47 10 30 22 182 47 16 6 67 3 147 14
26 20 36 9 154 35 30 1 29 0 66 1
35 1 4 3 17 2 50 1 15 0 109 7
66 19 3 14 26 6 33 9 26 20 122 8
28 14 39 12 120 20 36 7 5 3 127 22
25 13 18 16 194 63 27 5 25 26 68 3
28 15 17 22 196 46 23 13 26 20 28 6
60 12 18 9 18 3 69 23 8 14 41 11
20 7 34 5 181 44 55 9 17 6 131 4
25 9 30 6 61 1 40 10 45 11 116 16
