46 1 42 0 214 35 15 4 17 9 78 3
22 20 70 15 166 36 47 2 23 2 202 23
26 22 10 13 72 12 25 10 31 17 30 7
44 7 24 17 125 24 38 7 5 5 197 29
65 5 28 17 126 26 15 1 57 2 115 7
21 2 47 4 160 52 74 12 23 7 20 3
36 4 19 16 199 26 32 7 47 15 145 34
37 10 26 9 212 42 15 3 25 11 128 14
47 7 52 3 41 6 30 18 54 15 30 3
46 6 31 18 104 3 23 1 70 9 120 25
21 1 28 0 185 25 88 6 7 23 196 59
33 14 56 7 216 6 49 13 19 15 51 6
16 11 33 14 90 4 41 8 57 20 74 1
34 16 4 17 24 4 25 5 21 17 158 33
34 1 32 1 14 2 35 9 44 9 192 21
59 2 12 16 170 21 74 6 9 14 198 14
25 1 20 0 183 54 22 6 10 8 47 9
22 18 24 18 197 62 29 10 30 8 12 1
31 18 11 14 206 26 53 6 27 10 47 8
21 2 50 16 193 47 20 9 77 9 165 15
23 7 11 13 156 49 72 3 27 11 180 45
24 18 22 8 169 37 32 1 62 14 32 8
