19 2 57 12 125 10 40 10 24 25 148 21
18 5 52 22 12 1 68 5 21 12 192 30
20 3 14 2 137 1 32 6 31 13 60 3
72 6 19 3 67 17 31 4 5 17 17 3
19 17 66 20 21 1 74 10 4 14 140 1
28 5 30 6 111 33 43 16 40 20 117 20
47 1 7 2 27 6 26 1 11 0 44 1
55 5 15 14 212 21 24 5 6 25 18 5
24 11 74 14 83 6 46 2 20 11 42 5
68 7 4 3 51 8 84 8 6 24 134 37
44 5 50 18 20 5 24 17 20 18 45 13
38 16 55 12 113 14 23 20 13 11 57 8
58 18 32 20 21 4 23 17 30 19 97 30
27 7 43 5 80 14 27 2 45 3 46 10
29 15 7 13 40 8 49 1 41 1 11 1
48 8 29 17 72 17 37 2 32 13 136 35
27 1 4 24 141 26 68 5 16 10 192 31
31 1 35 0 159 52 29 3 4 4 187 31
46 3 31 6 95 25 52 21 47 16 27 2
23 2 69 14 209 53 53 1 6 0 171 44
20 1 34 1 123 13 51 2 42 17 82 15
48 14 10 19 65 20 40 11 28 10 179 55
