30 3 41 4 159 19 54 21 4 13 160 8
81 1 4 1 165 22 55 5 41 4 107 11
17 2 14 5 86 16 27 1 31 1 50 11
54 6 4 10 52 16 27 7 48 16 95 12
36 4 2 9 125 35 56 6 12 12 136 38
48 1 12 7 140 10 55 1 10 0 129 11
19 1 29 0 157 3 80 10 19 18 174 48
16 8 72 22 89 27 43 1 27 13 185 16
68 10 21 6 166 10 32 1 20 1 105 14
37 4 4 4 107 1 40 16 37 5 94 20
70 9 18 9 140 18 27 1 62 0 77 13
36 17 40 10 60 6 75 7 20 3 79 6
25 21 59 9 89 18 16 8 73 20 29 7
17 3 31 20 12 3 43 12 22 17 87 19
68 1 13 18 92 16 37 2 41 2 178 38
28 18 20 18 24 1 35 23 64 9 68 7
48 4 28 12 107 6 21 2 35 9 27 2
30 8 27 4 157 12 25 3 7 6 10 2
24 5 12 4 57 11 66 2 27 6 92 25
