54 7 36 5 19 4 51 2 18 7 14 1
20 10 35 12 185 36 53 20 4 11 154 37
49 9 49 4 81 13 56 19 39 8 85 5
37 12 3 5 209 3 29 11 28 6 59 3
40 3 11 4 44 1 21 17 34 8 65 18
15 7 35 3 161 25 28 7 56 8 10 2
32 13 15 9 20 2 31 6 6 3 177 20
23 7 15 7 186 38 30 6 19 6 181 24
33 8 44 24 153 15 58 6 33 8 32 6
26 19 72 11 150 43 23 11 9 17 101 5
62 2 18 23 168 13 23 2 7 12 101 24
46 1 27 9 88 10 22 3 19 9 186 46
50 13 14 12 100 20 43 9 52 21 138 28
50 1 11 8 132 20 72 1 6 2 76 5
36 7 29 3 129 20 45 4 2 21 95 10
18 19 28 12 47 14 29 4 3 5 199 3
23 1 27 2 89 26 30 1 41 4 49 13
34 1 13 8 175 56 51 4 41 10 76 14
85 1 13 11 169 4 54 1 25 1 135 38
25 4 48 4 120 39 49 8 14 19 75 8
24 1 40 1 43 7 55 9 6 9 67 5
