23 2 16 3 99 13 46 10 7 18 120 23
32 1 18 0 199 24 40 1 7 0 214 7
25 12 11 17 81 22 42 2 47 11 79 6
19 13 14 20 150 21 25 16 62 5 104 8
73 2 2 5 146 3 18 5 39 8 159 48
39 11 8 8 87 22 72 2 13 2 124 31
22 7 24 7 101 10 21 1 28 5 76 12
27 2 4 2 219 25 65 7 9 17 160 33
29 3 25 23 175 32 62 1 10 1 149 4
65 6 29 11 134 21 20 5 70 19 71 2
30 12 5 19 159 5 30 4 23 12 51 2
36 16 3 16 112 7 27 15 66 18 40 2
20 1 45 24 142 29 45 7 19 3 52 1
20 14 43 14 212 19 29 1 6 1 122 26
27 7 65 19 177 14 70 5 2 10 165 15
34 12 5 16 199 14 34 3 25 26 111 23
33 4 64 26 95 25 44 3 25 4 80 20
18 7 24 10 136 4 38 7 39 3 73 14
57 2 13 16 56 15 46 1 26 6 208 40
26 18 7 10 106 34 32 6 4 12 92 20
28 3 33 15 22 4 59 1 22 24 132 15
15 6 26 19 205 33 71 8 22 15 133 22
