25 11 47 19 69 15 22 4 76 3 69 19
34 13 22 9 178 23 41 23 42 14 108 6
43 1 25 13 23 1 30 1 19 1 10 2
80 4 10 6 167 23 31 9 50 17 75 16
34 1 34 3 84 1 37 5 17 19 119 15
37 1 21 7 39 2 32 2 12 17 169 48
54 8 10 18 49 1 30 3 12 7 176 41
29 1 53 7 55 8 45 3 24 16 62 7
31 5 33 6 92 18 66 11 9 6 141 9
25 2 33 8 18 4 35 6 47 13 90 9
21 1 17 4 89 21 24 7 17 10 64 10
30 3 6 4 104 17 75 5 2 10 187 17
20 15 41 9 160 36 81 2 7 7 50 2
34 3 34 23 59 12 30 2 38 16 78 18
15 12 21 5 164 10 26 19 15 8 101 15
31 2 7 2 174 13 24 8 37 4 148 41
37 3 39 24 79 3 47 13 6 13 144 8
43 2 7 6 80 11 38 9 7 18 19 2
22 20 58 6 12 2 28 10 12 4 118 37
