73 15 26 5 172 50 66 10 21 24 175 42
21 1 77 0 111 27 31 1 67 0 13 2
42 1 29 14 97 17 23 1 53 0 174 27
70 1 7 1 192 13 33 9 27 20 54 2
47 11 4 12 133 43 70 1 18 2 192 32
46 2 33 3 202 12 55 2 18 16 176 18
22 3 25 5 36 2 87 4 7 4 205 40
29 1 10 12 214 52 17 17 19 5 10 1
48 5 39 12 160 48 65 3 23 16 175 7
17 2 28 21 109 28 51 3 14 24 206 30
22 8 21 16 84 8 57 13 20 9 41 7
23 3 17 23 104 15 21 1 62 2 148 3
53 2 32 15 128 29 41 1 20 1 214 36
34 1 48 3 12 2 15 2 15 3 141 5
66 15 27 9 37 1 36 5 13 19 190 21
25 15 18 5 204 35 58 1 27 22 104 23
31 3 18 15 49 10 33 9 23 22 25 3
24 4 60 3 152 30 75 14 6 18 176 50
31 11 49 8 202 3 42 2 56 9 197 2
15 26 33 7 72 12 52 11 15 4 101 15
56 2 37 18 174 33 43 3 25 4 187 4
51 15 32 11 96 22 37 1 49 4 62 18
