43 4 47 10 96 18 17 24 16 12 27 6
46 1 28 26 35 9 51 22 31 11 190 22
16 6 73 10 136 25 24 10 66 9 47 7
20 8 58 6 137 10 58 6 35 6 24 3
54 1 34 2 49 1 35 3 23 2 130 2
35 2 43 17 20 5 63 11 11 8 138 1
15 9 64 20 16 4 46 4 32 20 25 3
66 2 4 2 26 6 23 3 17 2 21 5
67 9 12 10 18 4 52 6 42 11 164 41
16 17 20 5 173 37 31 1 23 11 150 17
80 16 9 5 163 39 23 1 30 0 77 9
43 10 38 19 85 15 64 5 34 13 106 12
27 5 23 6 128 26 27 19 11 6 107 32
22 2 14 3 183 40 52 1 18 7 20 2
42 3 24 2 16 4 23 7 25 3 163 44
21 3 75 14 86 21 24 5 74 21 162 28
27 15 59 5 35 9 55 3 34 21 174 3
32 1 35 1 161 30 26 1 64 2 96 3
21 9 73 23 48 4 30 9 49 18 146 31
22 1 13 1 167 2 28 1 22 19 96 23
