30 8 4 10 26 6 44 1 4 0 161 16
19 3 57 13 185 11 25 3 6 16 109 12
20 7 74 18 106 22 38 19 15 19 104 10
32 1 3 1 191 39 58 16 32 19 64 17
40 1 18 1 170 17 31 16 8 20 128 12
59 5 3 24 58 6 15 3 24 5 118 19
89 1 9 8 176 36 15 7 34 8 184 24
17 4 69 19 51 2 27 2 27 2 169 6
28 1 31 3 123 22 57 1 4 0 24 7
18 18 68 8 186 14 65 14 14 16 96 18
25 6 30 18 80 13 30 10 21 9 163 5
32 15 55 5 17 3 34 13 39 20 70 15
25 8 55 10 49 2 30 1 17 0 157 12
36 18 30 12 49 7 51 10 40 4 102 21
60 2 2 20 68 11 49 19 29 8 109 31
15 8 58 4 168 3 19 4 15 10 51 13
33 2 14 9 154 1 19 1 14 9 64 18
36 8 11 25 21 6 28 1 22 0 134 33
62 4 8 5 78 20 15 9 52 23 68 14
41 5 28 6 79 6 34 20 22 9 152 29
