22 1 64 0 105 28 35 2 21 11 193 39
61 4 2 12 41 12 46 4 5 5 63 4
56 22 31 6 38 5 20 7 29 3 40 2
52 4 32 6 110 9 23 3 38 8 54 13
43 6 3 13 90 23 65 1 24 2 188 34
27 2 22 20 203 51 47 6 29 13 193 6
81 1 3 0 152 5 26 1 54 6 38 4
36 13 7 12 21 6 26 3 4 10 40 7
30 3 17 4 205 15 43 3 6 18 86 25
28 8 62 15 212 43 46 3 24 24 216 47
33 1 23 24 84 25 46 1 25 2 91 23
31 2 5 5 14 3 25 6 21 21 108 28
48 3 20 24 69 9 37 2 16 2 12 2
15 12 15 7 102 31 32 18 11 6 74 5
44 11 53 12 98 22 70 17 4 16 119 8
30 6 28 11 139 30 63 12 2 9 203 59
52 4 22 22 140 20 26 10 12 19 142 13
47 6 34 15 105 27 42 4 19 12 167 52
32 5 23 25 91 23 24 13 44 7 205 40
37 5 6 9 40 1 22 19 77 16 49 3
27 2 46 5 75 4 48 2 2 2 192 24
20 11 39 11 211 27 50 5 21 19 17 1
