56 7 24 15 26 2 31 4 8 15 52 11
23 5 28 18 33 10 31 13 50 12 143 36
33 1 50 1 162 53 36 3 11 2 207 7
21 7 16 9 158 42 40 7 24 10 112 9
71 4 9 4 203 29 27 1 7 1 53 15
40 16 30 19 172 40 85 8 11 17 193 52
44 5 31 3 65 11 67 5 21 6 154 49
59 9 35 21 25 4 64 2 20 22 61 16
15 6 47 22 35 7 24 11 67 12 10 2
20 6 36 13 196 40 63 17 27 10 141 30
65 1 10 1 125 37 52 1 33 8 115 7
26 1 9 2 147 30 44 20 36 15 173 11
67 4 30 10 126 1 42 7 28 12 153 29
19 7 17 25 95 11 87 22 7 13 54 13
22 1 51 6 197 27 54 2 31 4 139 3
29 1 2 7 180 56 75 4 24 24 24 2
18 12 27 12 21 2 21 4 19 16 14 2
21 8 42 20 85 14 26 17 9 18 64 19
54 1 24 2 124 38 23 9 7 4 47 4
67 21 17 16 58 18 69 8 18 12 123 14
25 18 70 18 10 2 18 6 23 15 195 3
