76 2 6 20 30 5 18 2 18 25 38 8
35 6 26 8 111 12 32 1 9 2 170 40
79 10 14 9 142 42 16 1 29 18 134 2
20 9 32 17 93 26 18 18 77 10 108 16
60 23 23 6 74 21 45 15 49 20 146 43
58 12 5 5 64 13 30 4 30 5 174 6
73 4 14 4 146 41 29 1 23 0 139 31
15 3 15 2 87 12 56 9 31 15 36 4
32 5 26 6 39 3 50 3 14 18 71 14
71 3 5 9 131 38 22 2 36 9 85 27
21 7 15 8 162 15 18 3 20 2 102 6
40 9 21 21 174 52 22 4 59 15 71 8
16 12 42 19 33 5 31 14 3 21 131 15
24 4 31 18 50 13 34 10 36 4 55 3
25 15 20 11 119 34 33 4 5 4 23 3
35 17 37 19 72 14 20 5 38 21 161 1
30 15 38 5 161 33 17 12 58 5 70 4
64 6 12 14 60 9 18 8 78 24 52 2
