17 8 37 10 31 5 22 15 22 8 22 5
75 6 14 8 56 3 51 24 15 7 20 5
26 1 8 14 86 1 32 18 5 12 17 1
24 2 7 3 139 9 61 7 10 13 121 30
67 16 20 8 90 27 46 2 16 4 128 22
41 2 19 13 141 25 24 11 34 21 177 5
17 7 14 3 10 2 33 2 59 14 27 6
32 9 35 25 73 15 41 4 43 11 42 8
22 4 30 3 87 21 50 4 16 22 125 35
50 10 36 4 161 12 46 11 42 8 60 11
52 1 46 8 105 24 54 1 30 3 73 14
36 11 17 21 17 1 70 8 16 11 156 39
71 1 4 5 179 12 58 1 34 1 63 17
59 3 6 2 162 11 16 15 34 16 37 10
43 6 16 3 19 1 69 3 14 8 29 6
27 24 39 10 65 15 36 4 43 22 49 1
86 8 2 24 27 8 29 18 63 15 74 18
34 3 57 4 34 6 50 15 39 11 19 5
