38 1 24 1 123 14 52 1 7 1 147 20
63 9 34 7 122 15 25 6 7 16 83 8
30 6 10 25 32 7 36 13 19 15 139 42
22 4 32 3 55 14 42 1 46 2 207 25
29 2 28 4 135 12 42 1 9 17 92 3
16 5 40 9 139 12 25 7 49 5 124 10
16 20 28 11 203 49 31 14 22 20 150 10
16 3 52 21 188 22 66 17 23 5 100 28
50 3 26 20 112 28 67 1 29 0 166 27
58 9 4 13 57 14 26 1 15 8 82 22
20 12 42 7 158 22 56 3 4 12 207 26
41 13 7 20 137 44 45 1 42 4 167 7
36 5 48 14 158 48 26 7 16 5 105 24
36 6 59 10 109 23 38 4 6 11 200 51
19 1 51 0 206 9 17 2 15 2 157 30
24 3 7 5 186 6 34 2 9 4 61 1
20 18 42 6 143 15 16 7 58 8 167 35
50 4 8 5 127 2 47 7 49 17 208 25
21 18 48 8 154 26 44 1 16 4 112 10
70 17 6 10 114 11 71 1 7 20 82 5
38 3 3 13 109 5 34 5 22 6 205 39
