17 4 24 24 95 23 27 21 69 11 59 17
19 11 38 4 183 12 17 1 14 13 152 33
76 3 19 4 75 21 63 9 20 9 103 15
28 7 12 9 97 24 45 17 26 20 31 9
35 7 20 13 66 8 15 2 69 5 109 33
33 4 11 4 169 16 54 5 16 17 157 46
23 7 26 15 14 3 43 10 9 8 10 2
28 5 4 19 45 5 19 9 13 7 113 4
27 2 65 25 183 1 45 1 12 6 80 9
58 6 12 19 28 4 46 5 12 19 179 57
53 9 27 22 164 5 85 1 4 3 89 7
26 13 4 5 69 14 46 13 27 21 143 32
32 2 2 17 123 32 30 1 55 4 84 21
24 8 41 7 37 5 22 11 33 4 42 12
38 21 29 11 53 3 45 5 6 10 132 34
38 6 6 14 15 3 39 2 2 4 13 3
81 22 5 9 86 7 44 5 27 17 50 9
49 1 31 0 96 17 45 8 38 17 182 29
58 8 9 25 173 22 24 2 20 22 22 2
41 21 30 6 111 9 73 15 8 20 178 16
19 5 40 15 187 58 35 5 49 4 119 19
