31 8 33 10 36 4 27 3 10 7 151 14
16 14 83 16 60 10 33 3 15 7 184 36
77 7 16 17 160 4 26 11 7 21 35 9
42 17 18 8 62 13 33 1 11 16 152 20
38 2 26 3 143 26 44 6 12 3 192 63
57 2 11 2 115 19 37 2 32 18 76 8
49 11 17 20 192 56 17 8 20 4 91 21
30 17 5 12 62 16 24 17 36 5 19 5
25 13 28 10 152 3 43 7 44 5 62 9
70 2 24 7 192 54 18 9 52 4 16 3
21 9 11 10 108 31 53 1 14 4 43 7
69 2 5 14 181 16 34 1 11 9 87 6
32 6 41 20 92 17 33 8 44 25 67 21
17 5 15 7 132 17 51 1 7 1 126 15
52 1 4 7 51 13 25 9 56 13 11 2
29 3 63 10 65 13 26 3 71 2 171 4
38 9 48 12 172 24 23 3 49 5 186 12
30 16 59 8 34 4 45 3 33 9 57 5
30 13 9 18 177 4 62 1 17 2 50 2
34 4 64 9 150 5 33 20 35 13 127 34
