32 17 45 8 32 8 30 1 9 3 159 8
66 2 18 18 13 3 64 21 2 15 48 15
57 16 40 17 66 17 56 4 36 5 10 2
39 1 12 10 20 5 85 1 4 0 66 4
60 9 24 7 124 23 22 2 76 4 120 16
26 5 34 25 141 33 32 4 58 4 107 20
77 1 19 0 166 26 51 11 6 12 41 4
18 7 14 5 125 30 32 1 25 5 78 11
19 10 26 21 111 29 83 2 10 5 151 45
45 5 15 7 200 35 56 23 4 9 190 52
17 1 34 3 36 4 63 11 32 14 43 4
58 3 4 5 15 2 24 9 17 14 110 6
44 1 24 3 201 48 21 2 64 16 152 15
35 5 32 6 61 3 43 2 22 5 51 10
42 7 27 19 58 6 53 5 4 3 21 3
43 8 5 6 170 22 30 3 53 25 54 2
27 7 36 17 12 2 37 7 49 3 180 26
43 2 3 3 201 53 56 12 34 5 141 40
69 1 13 0 179 11 37 5 10 18 169 10
35 4 49 6 201 35 27 4 33 9 48 7
44 5 29 13 30 2 38 3 13 2 116 27
63 2 11 2 146 18 16 12 71 7 169 16
