31 1 25 2 95 5 44 6 39 10 95 18
33 7 24 7 205 26 22 4 19 23 85 14
45 12 15 23 14 1 26 17 6 13 137 30
46 4 53 9 63 3 69 1 3 5 22 3
44 1 21 2 50 8 59 7 10 16 119 33
24 10 29 24 81 1 33 6 3 3 141 20
25 3 41 2 94 15 21 4 50 6 45 9
34 2 11 19 132 20 31 4 29 8 10 1
81 2 13 5 145 28 28 1 13 1 21 5
27 5 35 19 110 29 60 16 17 20 141 39
42 1 14 0 48 6 65 1 15 0 192 23
27 12 18 13 29 5 24 7 30 7 123 9
36 16 16 12 142 4 31 8 19 4 102 12
49 1 42 0 57 1 51 12 3 14 72 10
20 2 17 3 114 7 67 6 21 16 95 9
16 8 19 24 205 47 33 9 7 6 32 1
17 4 42 21 153 35 41 1 48 2 13 1
41 17 12 19 55 11 44 5 29 17 71 20
28 2 53 14 48 4 26 12 44 19 54 7
55 2 34 3 115 9 40 2 40 4 10 1
37 7 24 5 106 16 62 17 27 5 61 6
