24 3 7 24 14 3 23 1 40 0 36 4
17 3 13 15 90 12 21 1 19 1 40 6
43 1 44 1 113 5 18 1 13 1 105 32
27 18 14 8 126 12 18 3 14 12 56 7
23 1 38 2 153 28 44 3 15 6 106 5
25 19 25 8 144 46 63 12 11 23 92 24
28 1 22 5 137 19 40 2 3 2 126 28
21 24 46 12 93 20 53 1 6 0 87 26
61 1 31 0 54 17 37 11 34 19 65 15
17 3 79 26 39 11 48 8 18 13 162 29
56 3 41 4 82 9 23 2 18 6 146 37
45 8 22 23 67 7 24 3 37 26 63 14
62 10 21 13 152 25 22 15 43 14 66 15
45 12 25 9 26 7 19 6 13 6 120 32
68 1 14 1 91 10 30 16 6 21 46 12
42 6 26 12 81 14 49 3 2 5 13 1
30 8 49 19 36 5 97 19 2 12 29 4
20 8 72 25 122 18 15 12 28 5 38 11
