20 2 56 14 24 5 17 4 15 4 28 6
28 1 12 0 61 14 73 3 2 4 190 51
24 14 51 16 43 12 27 1 12 10 173 26
16 16 22 13 63 2 45 1 27 2 104 33
44 1 8 0 145 35 41 12 51 21 60 3
35 21 58 9 128 1 55 6 7 9 100 2
24 3 45 13 106 2 35 7 24 14 187 59
31 2 29 5 195 40 47 17 2 19 204 30
29 22 29 9 76 7 45 1 6 0 35 1
33 16 5 17 141 30 51 2 28 14 111 29
36 6 42 3 50 6 43 3 5 13 183 4
18 4 33 11 58 13 15 1 16 2 183 59
17 9 39 6 56 15 17 15 14 14 86 25
18 4 31 19 178 37 26 3 19 7 128 14
69 6 24 11 67 17 18 23 18 6 28 8
31 10 25 9 49 2 40 15 12 17 33 9
60 15 34 11 123 9 32 1 46 1 197 13
44 8 8 20 154 26 18 14 13 7 77 12
57 8 10 8 104 27 41 1 11 0 64 9
68 4 15 3 116 4 32 13 34 18 145 15
28 9 8 20 164 4 43 1 28 5 25 2
