21 10 34 8 53 11 16 8 63 4 90 26
34 1 40 17 122 24 31 4 47 4 108 6
16 1 22 17 103 7 19 8 34 25 201 5
36 2 13 6 116 35 24 6 19 9 205 58
51 3 4 4 48 15 44 16 34 10 10 2
57 11 14 11 68 2 39 2 57 11 53 12
16 5 20 9 118 23 74 2 25 12 202 1
43 1 52 2 153 13 22 17 39 13 153 10
33 10 2 4 202 32 27 1 9 15 201 33
51 2 11 3 173 45 22 9 30 7 31 6
31 13 15 20 55 7 34 1 3 7 107 25
40 1 2 3 199 62 36 6 4 23 194 42
27 7 41 7 179 23 57 5 37 24 152 43
40 1 46 25 175 4 19 6 21 3 73 23
18 3 56 19 33 1 49 3 28 15 163 25
27 9 42 10 36 7 84 23 15 9 49 11
38 6 18 22 73 9 31 8 46 12 177 34
88 14 7 9 119 11 41 3 11 13 155 24
32 2 58 7 205 58 26 1 4 0 63 10
38 2 10 7 77 22 30 7 2 10 72 6
47 14 4 15 153 13 71 19 7 6 27 5
