26 5 36 7 160 36 30 3 19 7 67 10
24 11 36 8 120 26 28 4 63 20 70 6
52 5 30 7 156 8 34 9 39 22 63 2
66 9 30 21 77 3 23 3 11 2 127 19
27 14 33 5 143 15 74 12 13 16 88 13
24 2 14 3 197 44 20 1 17 1 86 6
48 13 47 22 58 5 49 1 14 0 214 6
28 9 16 4 87 1 61 10 17 24 81 19
27 17 42 15 50 10 47 4 5 12 163 48
42 14 8 18 35 3 69 4 17 3 33 8
24 22 9 9 172 24 39 17 25 20 154 44
15 1 22 0 165 10 21 4 38 5 217 10
41 3 3 4 144 6 33 13 8 15 185 55
61 7 29 16 40 12 19 2 11 11 170 54
19 1 23 0 161 18 15 8 19 18 70 2
16 4 16 10 205 18 67 11 11 8 142 6
17 14 23 16 164 38 27 5 8 6 99 21
57 11 10 12 163 45 18 2 75 17 80 16
16 3 58 19 85 2 51 8 21 6 171 39
16 6 29 14 38 7 63 20 17 9 204 49
65 2 4 3 186 15 16 3 28 19 85 19
17 6 15 6 181 19 60 3 6 10 197 33
