17 13 48 15 217 36 15 2 24 4 12 3
69 8 2 7 161 29 85 18 8 10 111 4
32 17 63 18 73 18 21 2 17 3 114 8
73 3 8 16 120 26 18 10 17 18 117 28
52 2 44 5 160 35 50 3 20 2 149 36
52 1 17 1 78 24 29 1 18 0 160 43
22 7 43 8 191 13 48 3 38 16 127 18
39 5 11 6 109 28 30 9 16 4 48 14
16 2 33 14 69 1 46 5 4 3 76 5
66 7 21 20 166 43 25 2 34 3 46 1
25 3 72 17 214 27 47 23 4 9 206 23
74 17 9 5 214 55 39 1 28 20 213 53
44 7 23 10 185 44 40 5 4 7 70 20
40 6 9 12 180 26 55 2 40 6 52 13
21 3 78 16 43 7 15 2 23 6 88 4
20 6 15 12 215 32 16 4 15 3 125 5
23 5 29 10 93 25 41 6 49 6 80 14
24 3 24 10 171 7 78 4 20 20 85 16
74 1 10 3 214 46 26 11 26 4 126 24
19 3 36 25 120 33 40 3 25 5 193 48
44 12 43 14 179 28 26 8 7 16 133 2
15 14 72 23 24 6 34 1 61 1 136 43
