60 1 23 8 125 4 51 19 47 8 84 2
38 1 36 8 19 1 15 2 61 3 177 47
36 1 56 2 21 3 32 2 58 12 148 37
74 7 12 9 60 5 19 14 48 15 152 20
52 1 9 14 25 3 16 2 46 3 104 21
36 6 41 5 187 34 64 7 26 14 201 29
28 3 18 4 201 11 16 1 19 2 209 29
16 17 58 15 167 37 56 13 40 10 101 1
76 1 23 5 194 45 30 11 8 21 170 6
31 7 15 26 110 8 26 11 35 20 190 54
26 18 6 14 28 4 22 5 25 3 166 8
18 1 25 6 60 1 23 1 69 1 21 1
22 6 64 6 123 35 32 9 28 4 113 19
28 2 7 11 185 1 31 12 5 12 125 17
55 12 2 13 105 19 67 3 2 6 64 17
42 5 5 13 145 11 20 1 15 19 30 4
77 1 12 20 188 26 31 4 43 17 70 7
34 7 29 13 190 51 23 19 18 6 202 12
28 11 25 4 204 17 17 4 14 3 136 15
46 10 6 17 28 6 20 4 11 6 19 2
16 1 38 1 165 19 36 11 9 4 72 11
28 4 22 3 61 2 22 8 46 13 211 11
