20 10 24 12 20 2 70 9 27 4 64 2
58 1 7 1 176 30 21 11 65 19 12 2
55 1 27 3 31 8 80 3 3 9 150 24
60 5 19 15 149 1 30 6 2 5 113 15
63 3 29 13 69 3 58 9 33 10 77 16
68 2 13 5 186 47 24 2 46 3 90 7
31 20 2 18 115 6 30 7 49 16 125 20
46 12 40 17 79 11 32 2 14 5 30 8
59 13 3 13 162 3 72 24 6 10 41 2
25 12 37 20 57 18 31 4 28 3 46 4
63 6 8 16 121 15 85 1 3 2 175 28
21 7 24 14 137 26 41 2 4 19 157 43
66 15 7 11 147 5 24 1 23 2 108 31
42 5 7 7 176 14 59 2 26 2 156 36
58 11 10 16 160 8 25 10 12 13 166 49
16 11 15 23 99 29 65 1 22 2 170 11
51 1 13 0 34 4 18 3 43 5 47 4
24 7 11 16 89 1 22 15 25 9 99 26
78 1 2 2 156 42 41 7 37 25 49 3
