36 6 41 13 189 51 34 15 5 11 152 11
35 13 17 10 142 41 25 7 16 14 102 11
24 15 17 11 54 14 23 15 52 8 125 23
18 21 56 6 182 39 29 18 47 8 86 24
18 1 21 0 32 1 26 8 10 8 33 5
19 6 46 10 92 20 23 13 9 7 23 2
44 4 3 15 19 1 46 5 9 10 65 4
40 14 30 15 109 23 45 12 38 17 120 31
26 8 5 8 47 8 28 3 58 6 68 7
59 9 27 13 90 7 35 19 28 12 110 27
22 11 23 20 158 5 40 2 16 2 116 32
29 15 51 20 83 22 35 1 21 21 40 3
76 2 23 2 108 20 45 16 36 8 145 37
20 3 52 26 11 1 50 13 20 9 146 30
57 2 11 6 113 13 28 10 20 13 45 4
40 9 15 25 175 14 55 3 6 2 185 44
77 4 18 22 123 25 23 14 17 23 87 14
24 12 10 7 156 6 58 8 5 19 136 20
25 9 17 15 114 28 81 1 14 14 24 5
