46 6 42 9 129 3 41 8 19 4 59 7
48 2 11 14 143 38 74 16 11 15 180 31
55 14 27 15 178 49 17 11 39 4 113 32
51 2 31 2 71 7 31 3 10 12 45 2
19 6 23 6 134 2 33 1 54 2 30 6
37 11 40 4 57 14 50 7 20 20 162 49
29 14 68 19 166 32 77 9 22 9 120 13
23 5 8 10 109 30 28 3 24 23 24 3
17 2 50 4 115 1 75 17 5 12 36 8
22 9 12 7 192 59 67 1 30 4 175 35
47 1 18 2 34 8 83 4 13 21 97 13
52 10 18 4 125 32 46 4 24 21 35 6
42 1 42 2 105 8 24 1 58 2 45 3
47 20 2 18 149 15 24 1 32 0 124 17
43 13 15 10 27 1 79 2 6 9 130 8
53 10 5 8 135 26 75 7 23 13 14 2
42 1 16 0 117 11 34 15 28 13 194 55
70 12 14 7 168 17 15 5 79 20 128 38
91 10 4 4 120 4 78 4 10 5 28 2
26 1 19 9 90 3 30 10 14 17 133 41
