23 16 13 10 136 22 78 8 3 22 132 22
62 3 2 17 170 46 35 2 36 2 158 51
33 2 26 2 160 2 21 2 71 18 18 1
32 6 66 15 76 2 25 1 15 2 137 40
64 23 32 9 25 5 16 15 49 17 188 42
26 7 8 5 31 2 26 4 7 5 191 9
29 4 53 3 150 5 32 8 43 18 172 53
37 15 5 9 75 13 45 8 14 18 195 2
38 2 53 6 46 9 30 22 44 9 24 2
40 21 24 15 168 21 59 5 32 3 185 34
23 1 20 1 60 7 17 5 22 4 46 10
20 15 23 18 68 20 40 3 5 9 99 23
18 4 40 20 22 6 72 9 7 23 106 19
25 14 12 5 116 19 29 10 48 17 132 33
19 2 16 14 15 2 59 5 8 6 50 9
26 7 15 26 182 35 79 10 10 17 198 50
15 7 36 21 144 8 22 3 27 15 51 15
29 1 55 0 157 13 90 4 3 14 177 53
58 5 27 8 17 2 19 11 66 6 143 18
28 5 33 8 125 40 16 10 65 14 38 10
