32 1 36 1 77 14 59 4 37 3 26 2
45 16 44 12 81 22 31 4 15 8 53 1
45 3 51 4 150 46 78 3 16 6 97 8
59 6 32 14 135 32 46 7 44 25 135 26
76 6 5 22 63 19 42 2 53 2 110 7
63 3 36 9 106 19 18 16 18 19 12 3
69 6 18 9 105 20 88 4 4 6 98 26
22 4 19 24 149 13 15 6 56 14 177 31
38 4 18 24 187 47 74 14 17 7 12 3
22 3 68 4 43 3 31 10 46 16 130 13
54 2 18 10 99 28 35 1 26 0 60 14
33 2 36 4 137 17 23 5 14 10 43 10
30 1 27 2 158 14 64 13 4 12 85 27
33 7 61 20 77 8 23 6 20 15 77 24
76 2 18 2 96 21 20 2 13 9 71 20
49 18 39 15 105 22 19 9 60 6 110 9
35 9 22 23 144 22 16 7 21 14 72 15
32 1 34 18 140 21 45 1 31 1 64 3
68 3 8 23 94 7 37 14 13 21 132 20
