23 10 65 6 104 16 62 14 28 9 174 42
34 10 20 16 34 6 54 2 2 8 10 1
18 1 73 4 198 13 31 4 7 6 150 40
25 2 53 5 29 5 43 7 54 7 88 5
24 1 8 2 26 2 25 6 29 23 157 15
43 2 17 21 194 15 31 1 4 0 72 23
16 2 68 14 40 11 35 12 15 5 144 10
49 5 19 3 111 15 15 6 18 8 185 20
21 5 58 10 165 40 67 21 30 9 44 10
46 4 4 3 57 12 41 17 39 18 105 12
24 16 41 5 142 25 44 7 2 5 154 39
24 3 29 5 105 17 26 17 61 18 25 7
23 9 8 18 182 51 23 4 56 6 113 11
20 5 10 3 140 23 60 24 28 7 158 23
41 5 19 21 126 10 18 20 38 18 35 6
33 13 44 13 48 15 18 5 20 7 126 29
26 14 9 16 76 14 51 1 39 11 36 9
34 6 8 3 42 4 19 1 26 7 63 13
57 2 31 25 105 3 33 6 59 13 91 24
23 13 10 5 46 1 30 5 49 15 195 32
