43 1 3 5 208 37 27 4 11 11 75 1
15 2 20 5 124 10 84 17 6 10 130 29
39 7 11 19 82 12 28 25 64 7 38 6
19 3 15 7 40 4 31 7 3 18 92 17
22 3 23 9 132 19 73 9 16 21 34 2
30 1 66 6 103 2 23 1 36 8 95 23
30 6 66 9 24 4 40 4 39 11 122 18
53 1 10 0 170 10 18 3 19 22 81 19
27 13 7 15 98 14 24 10 46 12 136 31
67 4 2 24 112 10 16 9 20 9 36 4
47 12 13 7 121 7 34 1 43 3 62 3
22 1 19 1 157 47 74 5 14 10 114 19
18 22 31 15 54 14 37 3 57 2 23 1
22 3 28 26 45 4 84 8 11 18 151 38
49 13 2 22 104 13 25 2 17 2 102 23
52 4 19 9 62 14 21 7 28 8 45 4
23 2 27 12 203 65 72 17 2 20 116 27
33 9 42 12 155 47 57 4 6 22 204 35
45 1 8 2 139 3 83 12 2 17 76 20
22 12 33 13 109 3 80 4 7 26 93 8
29 21 9 15 202 44 32 5 6 9 192 61
