52 7 3 18 31 7 32 3 58 10 187 52
61 5 9 6 37 2 23 2 59 14 189 22
59 10 14 13 52 4 23 1 49 2 127 15
88 3 2 9 98 21 34 3 24 8 168 20
31 1 5 1 162 14 22 9 28 16 54 1
34 1 19 18 145 42 52 1 29 3 51 15
32 16 27 13 32 1 42 26 23 7 42 13
54 1 24 12 176 4 26 8 27 8 173 55
62 7 21 15 145 31 23 4 58 25 119 22
23 1 29 14 71 21 46 16 16 19 153 37
50 1 19 1 105 32 27 20 17 16 90 23
35 7 3 26 154 45 26 1 4 2 141 16
25 3 19 2 93 18 15 8 17 23 139 29
15 16 37 10 177 36 18 1 51 14 15 1
25 4 5 14 27 6 17 2 14 4 39 11
44 6 2 10 126 31 53 4 21 14 121 1
32 1 20 0 61 7 48 1 39 2 124 40
23 5 20 7 84 4 41 3 6 7 112 34
82 17 12 13 178 41 48 1 15 16 99 27
