28 6 25 14 127 33 60 5 29 3 75 17
81 3 2 18 175 37 24 1 6 5 204 23
64 1 9 5 66 11 76 8 3 11 140 45
80 5 7 17 160 7 37 11 21 11 88 26
40 4 10 8 36 8 37 4 42 4 49 1
39 9 30 7 143 41 40 16 47 15 180 11
70 7 4 22 28 3 26 4 21 22 194 16
19 9 41 16 69 14 28 4 22 12 40 6
30 5 38 6 13 2 33 8 55 21 207 8
29 3 60 6 127 10 65 2 20 3 179 5
17 2 46 2 19 3 23 5 51 3 91 3
42 8 16 16 178 42 15 3 64 8 77 18
25 12 58 7 186 32 19 4 14 15 95 13
21 4 72 3 80 13 93 6 6 24 205 47
23 2 9 15 21 4 29 3 69 5 132 10
28 2 59 3 144 41 72 5 8 13 204 58
63 22 36 11 13 2 75 10 10 6 137 15
37 2 39 10 72 15 47 1 14 1 190 60
31 9 66 4 20 1 52 9 25 9 28 5
21 7 53 14 19 5 34 5 41 4 149 16
25 1 53 5 198 17 38 2 42 18 12 1
