61 1 5 2 135 7 17 6 24 19 82 8
50 1 3 9 42 5 31 1 22 2 18 2
22 1 40 0 159 27 27 2 32 15 25 5
40 4 57 14 61 19 34 1 37 5 72 11
18 6 33 14 104 20 51 2 4 2 169 5
31 1 24 3 69 8 57 4 18 12 91 10
67 15 30 18 132 35 24 4 13 19 68 3
16 3 46 7 47 12 17 3 72 17 159 22
67 9 11 18 43 4 32 1 9 0 77 2
48 1 17 1 78 9 56 1 32 2 16 3
58 3 38 11 23 6 64 3 2 13 112 10
19 4 31 6 79 14 30 16 12 21 22 6
19 2 70 18 109 34 34 18 7 20 109 26
35 1 8 4 18 1 18 9 16 18 147 37
49 9 5 6 102 21 20 2 19 2 157 1
31 2 16 2 10 2 30 1 24 0 125 18
81 10 14 4 96 7 34 3 25 7 104 6
28 19 11 16 173 9 22 13 17 18 86 24
69 18 9 12 143 8 42 2 8 7 119 21
