31 21 36 6 54 16 23 8 23 6 64 19
22 9 33 14 147 26 22 7 32 15 199 17
63 7 15 19 108 9 60 1 12 11 127 29
19 1 12 9 95 1 39 11 10 19 175 29
15 5 28 13 72 8 18 3 53 10 118 9
32 11 3 17 136 14 30 1 8 2 157 48
51 4 6 4 179 49 29 14 38 5 71 18
35 15 19 17 68 3 26 10 7 8 146 41
33 1 63 0 104 25 41 12 10 5 122 30
23 6 7 10 83 13 25 1 13 0 61 10
51 12 7 23 96 29 57 4 29 3 137 3
26 2 30 2 187 57 88 3 8 6 97 16
31 6 40 8 118 6 23 3 8 7 185 49
25 13 10 12 162 28 43 6 29 6 92 16
63 5 6 10 189 31 25 5 21 18 72 21
16 1 56 11 101 3 32 17 61 5 33 8
39 18 10 15 163 3 30 6 2 14 184 58
18 8 72 21 25 3 18 10 44 13 81 18
25 2 8 3 108 20 82 2 3 2 28 8
24 11 22 14 104 4 19 12 42 23 55 15
