33 9 39 7 111 5 24 1 20 1 170 13
61 7 28 12 31 8 23 1 8 14 150 49
45 3 16 12 133 6 31 1 6 6 60 10
19 11 71 6 121 23 46 16 38 10 95 3
22 1 18 0 147 19 76 1 5 3 78 10
16 2 27 8 130 19 48 6 5 11 156 19
52 1 33 1 74 2 79 3 5 5 58 16
25 1 24 3 121 28 15 16 80 12 72 10
34 6 39 24 35 2 27 3 60 4 164 31
37 12 9 18 73 12 26 9 58 23 149 32
48 8 7 22 161 45 27 5 37 13 57 2
15 1 25 1 125 35 17 5 56 20 150 29
35 8 2 4 125 12 58 5 21 9 174 52
62 2 2 2 118 9 23 10 72 17 137 36
24 5 6 24 87 11 43 1 23 4 24 7
49 5 33 7 60 9 20 21 12 6 84 23
27 2 44 5 152 7 47 3 5 2 76 18
36 2 2 5 84 17 50 2 4 13 37 3
