28 1 43 3 100 25 43 3 36 20 53 4
68 11 2 21 64 9 29 6 38 21 168 39
23 1 26 5 142 1 81 1 4 16 54 15
70 2 5 7 147 39 22 12 64 23 177 54
60 2 23 3 172 55 27 1 59 1 158 29
17 5 14 20 41 6 42 14 54 9 77 9
47 2 10 11 109 22 17 1 68 3 115 12
25 16 46 20 170 31 53 15 35 9 84 26
32 4 4 18 63 12 20 12 22 21 114 16
24 10 23 18 40 2 21 4 36 15 115 5
18 5 54 25 40 11 21 7 24 17 141 43
90 1 6 1 56 13 26 4 46 3 45 4
24 12 23 13 126 24 59 6 28 23 109 13
17 1 47 0 69 6 79 5 3 3 102 16
26 17 10 18 108 7 30 7 6 5 88 3
75 8 8 22 144 37 67 9 17 25 95 3
33 18 35 14 45 1 20 4 30 6 128 16
88 6 5 11 79 21 44 11 46 21 170 30
