74 13 11 9 95 14 25 4 41 6 176 39
31 6 45 8 132 26 22 9 27 24 146 31
32 19 33 8 60 10 27 11 3 22 19 4
21 17 42 15 134 23 20 3 20 26 113 31
38 7 45 5 72 11 19 1 18 4 85 3
58 16 13 15 61 9 64 3 10 2 51 12
34 4 5 15 34 7 17 3 22 2 182 8
84 1 7 1 153 25 18 12 25 21 92 22
22 17 13 5 21 5 19 17 33 16 185 34
15 8 28 23 28 5 24 3 44 2 123 2
23 7 9 16 171 51 37 3 21 9 30 9
26 17 10 16 98 29 15 2 19 8 59 13
19 1 47 1 182 43 35 17 25 18 76 2
50 16 38 8 173 33 24 3 38 6 30 6
53 1 15 9 186 4 25 9 56 22 109 5
16 11 26 8 141 29 41 13 17 18 68 12
92 1 2 1 146 38 49 1 34 0 44 7
36 10 50 12 65 3 56 3 12 13 55 9
21 21 77 9 35 4 40 21 4 15 74 2
